0.6034408272841038
1.5884960798116832
2.668765569344545
3.0171171763004403
3.3986959151732616
3.5478466474092922
3.416064445789044
3.4600871281746106
3.6360439031552048
4.058226010738275
3.6232645205962353
3.472865709891686
3.187560429939857
4.491740752489139
5.167347370049892
4.801142448034042
5.4576406967945585
4.594919057992788
4.94751098828438
4.767502748049223
4.557945459316938
4.721972306569417
5.5453039560562525
4.856662517938858
5.420310790722187
4.7885840611580095
4.5056305420704374
4.555602990663969
5.362013486715464
4.702460912557749
4.89519382134462
4.846999449607654
4.55976538780408
4.663484500004695
5.332246890434852
5.064602044912485
4.830787108494685
4.996023202553774
5.099280821971404
5.030953419514192
4.135405088082338
4.3726528607881985
4.4911328340188055
4.4245087917034445
3.8622511472457495
4.438314156654553
4.709615890796368
4.4824592639238405
4.744073109749036
3.9625322696490164
5.121211907802484
4.588609120784661
4.343228364602114
4.363785046797532
5.002012754097963
4.5191976229349775
4.038666920784192
4.467451034448086
5.0811650936420145
5.03024358015794
4.90181257785895
5.178485735868796
4.700119532071627
4.489647449591221
5.2863598725734615
4.659097182445037
4.541507464188796
4.758587592687363
4.333749563266069
5.173445884998028
5.038881240746914
4.936150440802941
5.623686692653558
4.669502808497502
4.388117692409417
4.842445764786158
4.836186250050862
4.699554272187062
4.9627862343421345
4.658976273658948
4.818546649737236
4.969471760285207
5.135070996406751
5.284524917602539
5.486456430875338
5.7451150722992725
5.375342650291247
5.58483030857184
5.591779378744272
6.77196847475492
5.712808584555601
5.731648970872928
6.237292522039169
6.333388475271372
6.119185936756623
5.963486805940286
5.9065345372909155
6.594947154705341
6.828379313151042
6.706000670408591
