3.4258601950784016
3.070322661657958
2.2401826269606238
1.8519624658459612
1.6650651126166014
1.5647132366131513
1.4059559950801381
1.4426236730015856
1.319368633449587
1.3505988258581896
1.2867107972120628
1.2572201719650855
1.2087263921726803
1.104271758995165
1.0884133054320289
1.0744679874164766
1.0504725977905796
1.0076285991233978
1.0133813852258557
0.9313538671388925
1.0043527492430815
0.9186384183728796
0.9379842525873429
0.8893043217156348
0.9399548916735201
0.8447526852969091
0.8478090009118757
0.8379402388195027
0.9117465976975921
0.8348040026307446
0.8247454963688158
0.8858912124423219
0.8462169167832432
0.7984482680800294
0.7593861491422028
0.7707797998716349
0.7817313345069559
0.8007175401914494
0.6953121422023175
0.7234000489752517
0.782654132343765
0.7562692602645298
0.6951833974432062
0.6981208356696995
0.6819951111434871
0.7263029988674696
0.7323390069680337
0.6924388085165595
0.67136942312928
0.7381761254917862
0.6645197472681007
0.7198521061840221
0.6727566107725486
0.7031694584422641
0.6463259937416794
0.6283529253087492
0.6536130279387504
0.6601657875922331
0.635465653958144
0.6610682752736953
0.6158542069274815
0.5940787868622022
0.6025868682270377
0.6188477485777646
0.65434770689391
0.621264612403011
0.6317725571302267
0.5686164829466078
0.6369938244167556
0.5815180047624811
0.5806483585610349
0.5589665468262132
0.5722610829053102
0.6409175312756813
0.5816095430626829
0.5632972518603007
0.6361585380005361
0.6139185072859468
0.5697442975818602
0.6810957229035532
0.5263595161614595
0.6072976363350523
0.5789988508761099
0.5218773415455451
0.5655109906128669
0.5394382298502147
0.5388687397340084
0.5420492246449843
0.5383079315182829
0.5984161338235578
0.5388209856303668
0.5172676859248397
0.5422306305322891
0.5579960176408121
0.4957003404951503
0.5280758340304393
0.5718691908566021
0.5614527533536623
0.5043198111390117
0.553952342594451
