4.139294883804104
3.726735965478794
3.3112219928676248
2.9254246797317114
2.7376855085378358
2.6124194327243035
2.4392252111027384
2.4826432245749013
2.3038749270289713
2.3415167029426986
2.249476357063337
2.2083691416302975
2.1484094977039216
1.9874369873959794
1.9920766863048587
1.9879559930573163
1.9539177652098174
1.8945402501315474
1.87021579463937
1.7569250119717372
1.8656223445196776
1.7418505309993386
1.762120302925762
1.7156656355599733
1.7739735824769718
1.6304339116115516
1.6264298868994427
1.6241656660694004
1.72424308323113
1.5920802578966842
1.590089848578146
1.6926294025192914
1.6050364274924298
1.5548400760036587
1.4734081542729651
1.5267290525626593
1.5167985181523185
1.5453017664770794
1.3836738580991739
1.425858609357111
1.5193645667146753
1.4926771251564352
1.3737610975901287
1.379747777752727
1.375742414058783
1.4303361354050812
1.4255122085582157
1.3612306663113782
1.3232127411073429
1.4601729276173474
1.307002477496438
1.4052677416054271
1.3346385459954242
1.377821107026179
1.2806187625284549
1.2454794103603417
1.288839104168775
1.3133836025186414
1.2745545095527953
1.3131014922065953
1.2319634823377994
1.1899979861713204
1.2090287152518573
1.2552056137652818
1.2912655758042622
1.235325610026335
1.2670145810839117
1.1492615362517855
1.2637389633390639
1.153968909527162
1.1584165823086034
1.1238492596523035
1.1441420325186857
1.251141824783423
1.1614564392301772
1.120899038606899
1.2455639688038078
1.2246864801458484
1.1361821767611382
1.3262893194146985
1.04409391112477
1.1922537400851563
1.145903704003391
1.0458247936688936
1.1191147457160842
1.0905794358661032
1.0838155529098292
1.1016158067602717
1.0752080111761717
1.1537085377592646
1.0884516804646223
1.0351151338330022
1.0945143339640735
1.1110010296530872
1.0062439297339176
1.055755408401163
1.1272591848319073
1.102486576619651
1.0044671449905787
1.0856815751461562
