3.2783297768967246
3.08925235265328
3.035097650057978
2.983832225831415
2.9139132568917074
2.862701629042503
2.8215620285560514
2.7851492878344417
2.7560182887015583
2.7376638915225144
2.7182375642893124
2.703378434293929
2.689826757849059
2.6778250597302495
2.6670402586766406
2.6586990382173936
2.652039767812482
2.644051803316144
2.6353812393830958
2.6303633499549814
2.6215213325567626
2.6119205792724536
2.6134737854074968
2.6045120883453543
2.5997923277816204
2.595005727837289
2.5897560847381405
2.5873139981191917
2.581530020912039
2.581577634027291
2.575243855061781
2.5722964600815925
2.5669822022701707
2.568152187907071
2.5601517068641404
2.560238670592195
2.554160594878927
2.553768514667974
2.5448806108208135
2.547926012101178
2.5396501548121178
2.5395925587458574
2.540390165344662
2.539061863829151
2.535632513716189
2.534743520026339
2.5370065699745914
2.534611935452592
2.531979681194625
2.5306359821086306
