5.260920879223364
4.641475076665614
4.580948445988094
4.568533428893917
4.573015079958956
4.581410323238079
4.586565386967203
4.604039686189281
4.610350196248826
4.6231331428913025
4.627380251516909
4.637500102571447
4.649129468760044
4.657451079903747
4.66241242008366
4.672281872025497
4.673225640638024
4.67735081378137
4.684208411351995
4.689467716315055
4.694868967748742
4.692967777507033
4.706346116600154
4.70434190245596
4.7126799198240805
4.714974188118529
4.720222880636923
4.727782746748224
4.730803812027958
4.728684840442465
4.731118152835019
4.732387037279672
4.732919441587756
4.731049977985707
4.733976487939429
4.734900732202128
4.742663639054881
4.740939426703909
4.740470591821504
4.741229955240977
4.745815203650515
4.749585745942311
4.750953669476974
4.748970945533231
4.752489028033348
4.752813351546383
4.757907247678104
4.751858741688213
4.7580474448473575
4.7599335460476615
