4.662538317467669
3.96555964876912
3.8962294888153353
3.854259877324962
3.8188424202913125
3.7854666687846796
3.7610915518248067
3.7452445278309843
3.719440635343495
3.7018943365284254
3.6831532993640095
3.6644025473163406
3.647094116732861
3.6305228578345994
3.6151332398235247
3.604870873879553
3.5947141290813653
3.5826098057005904
3.572770429662173
3.5613317270318134
3.552460252074764
3.541414033901042
3.533528662536519
3.524801408644203
3.5207844466614207
3.512200479027179
3.5058116557541754
3.4998492250584623
3.4952992584943035
3.4889493665494262
3.4795047888897916
3.477601556407952
3.4719401227361986
3.467008636519696
3.4637332826944687
3.459854384365454
3.4550342739302233
3.450667660870998
3.4493874467656642
3.4437292432000923
3.440957465740294
3.4383618855525384
3.4337886772199866
3.4317657126062087
3.429297792948285
3.424710856863553
3.4258597727792237
3.4219686678110146
3.419153389313238
3.4176750772413467
