8.830054474023974
6.847198834644682
6.6198670124101
6.476652656527732
6.361625022045265
6.2622670382414425
6.1684118291211885
6.100201169608921
6.019448023783339
5.945323698567217
5.879479827395691
5.814322254028006
5.7481316024205915
5.686875456283664
5.628622711256131
5.579948238454154
5.528924985510227
5.485029361353381
5.437945774868361
5.390295772856333
5.3478301969363535
5.307756809389481
5.268584051088096
5.232883856573428
5.197718707532579
5.160178500726314
5.128825157666378
5.0960889842747905
5.067512733595712
5.041706131026531
5.0071191206987935
4.98324174920187
4.95952961219423
4.934483589212059
4.913942043484789
4.890894258500126
4.868933786774956
4.846869344333951
4.829825624961402
4.807896901071378
4.790531773606405
4.772747135480898
4.755320739096752
4.742962962370615
4.726967708241168
4.7078159154992925
4.701218954644492
4.686656168712742
4.66898717872898
4.659876794756255
