6.784527225950149
5.728478115117072
5.299196135961017
5.007103888495975
4.828402723278563
4.698996220928792
4.611413284293917
4.5434509937221685
4.495498620471386
4.462415544677981
4.433045064863909
4.404233766668012
4.388772394037198
4.3736610005227785
4.356928445146115
4.349290798465125
4.337663093242959
4.331142772444718
4.323501776386998
4.317886341267475
4.31063518084333
4.309457519990445
4.305473590558749
4.303412841684649
4.30028384611516
4.2951652457878255
4.295121134062588
4.294635140577299
4.289297789182104
4.291276979911976
4.292201597055943
4.291030972185262
4.289868939327189
4.292349760358404
4.293526729846417
4.296653262083969
4.2941208715796595
4.296934537199026
4.294475912680239
4.295709783040975
4.2968605951562076
4.297649576019531
4.301162249382819
4.298300396624229
4.298954282978211
4.303393213746482
4.301844763976329
4.304694805642684
4.305169585246099
4.308286917969232
