1.9707519867373018
1.7285914330563674
1.7250839633377697
2.028941866279581
1.703327903838625
1.8815945502365452
1.913858891520915
2.0403563975190657
1.9913691901359698
2.1970604533870484
1.9874427176213079
2.095322464174024
1.8970365299917398
2.074687259816048
1.9479791201921963
2.0445055526848823
2.0057677623318244
2.026184848580446
2.0441244246769874
2.1067410069185635
2.1855914558181553
2.1043426393091105
2.230212376515985
2.3593256296619973
2.079818057454351
2.388528202790244
2.3211120114148733
2.264218624868099
2.550729778413119
2.2826340368855016
2.253042352155667
2.2547964189001015
2.254223253613949
2.2452306936975455
2.272228778121771
2.513522968196781
2.3097168392318763
2.3853114506806636
2.4020777931972632
2.3072458513036502
2.437011573427677
2.281870709494737
2.285756885731105
2.3995487142750265
2.2809943232018446
2.3819848051336687
2.387864010952828
2.3710332282995004
2.460244650973519
2.5666523915910524
