2.4295906651914256
2.209838183503298
2.3260592918652736
2.3800821211609047
2.540151849766234
2.615443233844601
2.8638120141108354
2.762583137847727
2.698661008848883
2.7249250692592697
2.8566461913167633
2.642285092245638
2.875354201218745
2.7667380324224147
2.8555898569829443
2.8252543661378247
2.6561492047603923
2.6636439444719238
2.8050572400371765
2.7520741016097845
2.679295777890521
2.971916547910003
2.7761921412759367
2.7874580378144005
2.935723488390089
2.859763035837868
2.749934890168195
2.8988971020074907
2.6929301718825083
2.7429859567445596
2.951335210406281
2.67522535346589
2.9684244798341215
2.8619258664634115
2.7768228659144865
2.934492809674842
3.0079562966855398
3.1029918317250593
2.8313611421615805
2.958844099322388
2.867020019753101
2.819493657040585
3.0162111264574216
2.8317261491840027
2.821222667917918
2.966638764257646
2.758353714618165
2.937273100779674
2.90677868263874
2.939334072827525
