5.349794535205641
4.634991584615619
4.574753997749807
4.602925985837154
4.624227407473577
4.65198336818848
4.671623576398009
4.693111819635315
4.701858006731702
4.712352361181657
4.71683751360608
4.719928789298066
4.715693278400895
4.720303315481694
4.716139305042216
4.725413430141398
4.7316015289841795
4.73013614107379
4.727915438326633
4.735065122670039
4.7347266215827215
4.737552074648494
4.736977526242295
4.736317408721959
4.740604522049366
4.7417570756861265
4.742437365672571
4.74318120254152
4.7489618279215975
4.754817007930772
4.751388673302081
4.75903708594186
4.754246775256154
4.75644822741829
4.754994909234061
4.754339756786762
4.760226645731852
4.757270935628054
4.7600049510644125
4.7652495697615445
4.762299717575281
4.757804889350608
4.761082609167815
4.763308080470329
4.7610301962246755
4.7621012197124015
4.761011197045063
4.759047837811163
4.7620428221076265
4.7646106977747005
