3.934765611682374
3.601186704415089
3.501628471425479
3.4390845373502614
3.4019752487249266
3.3781193404133982
3.3605630639155626
3.350058928361777
3.337858518679365
3.328372272533601
3.321979653063438
3.314396804920326
3.3089834337734367
3.302104057412966
3.300589557970661
3.293075605690908
3.290104329463512
3.2881502627346277
3.28426446496889
3.2805852119381114
3.2777188634088326
3.273633305362415
3.2728422742953405
3.2708391318708383
3.2674377189388255
3.2658482059790446
3.264840883132978
3.260570698382308
3.258693615860954
3.2583484192056256
3.255703312765045
3.2542737504928723
3.2515856395154916
3.249978588884438
3.2476870161533844
3.245086941787665
3.2435377193011825
3.243027796113111
3.2421929746223013
3.2396767637467456
3.238405037759387
3.2367985687177447
3.2354372538250984
3.2321842623394046
3.2325967358538206
3.2300732861074857
3.230349470446803
3.2293853248256084
3.22593585388756
3.2255585120736265
