3.980712968141211
3.693102505368348
3.557415939342904
3.43621940224389
3.2828251257833663
3.2321047854215057
3.1567173742008166
3.049335071418453
2.987759179910975
2.9250598305993183
2.8768924531769873
2.8475055669893385
2.7847828463481092
2.734311274707564
2.6419474266116323
2.6139928319187575
2.561068634283581
2.480865918679332
2.4511141932839027
2.396001454300448
2.3443586511706296
2.3023770894534676
2.2663553439687596
2.2271661466022707
2.1751603580980436
2.1436409344883818
2.1062255982040425
2.0685109281068126
2.029266398676079
1.993466422764102
1.959018220481267
1.9413004807212415
1.9280191326382738
1.9147925904638692
1.8613460249358809
1.8471366658882233
1.8272670541443805
1.8118645273975331
1.7992534308295287
1.7693189151046795
1.7450406103434783
1.737541437231337
1.7458841870635322
1.7036965774655946
1.6993819671844592
1.6975941085563078
1.678738316823632
1.644414959033952
1.6564927290399887
1.6301199204077985
