3.4498917691999202
3.2818526449820977
3.249298461355874
3.225290469924813
3.208448069803761
3.190118997707151
3.1737921285727286
3.1595845318036604
3.144318846612403
3.1306870997503387
3.1140110087174184
3.100554825039341
3.086303562997914
3.0741842551442113
3.062196939172872
3.0461460386861385
3.0345277846288337
3.024433142908553
3.010593637043011
3.004134360651073
2.9933363961903923
2.98651875903158
2.974921123832005
2.965077321000114
2.9581279961080247
2.94900330138476
2.9407873901654367
2.9305532165445993
2.9294912340952215
2.9215659398091662
2.9162304486547197
2.9081078120272794
2.9066470284378663
2.898506688863376
2.8976409295602545
2.889467518290415
2.884300540922112
2.8781202349118806
2.875047675997233
2.8693621594761285
2.865345113569026
2.8646748563368543
2.857960620556191
2.852575347271632
2.8502283872153997
2.8455600918625756
2.839204906896599
2.833979007120858
2.8319050964630397
2.8268561517591957
