3.0094252830269257
2.45966194112675
2.0789264364830644
1.8286767324104432
1.7260560984442546
1.602833351505225
1.565372288089933
1.5147823405002483
1.5151684142398878
1.5054579022783208
1.4620593649639932
1.4741029996944361
1.4960438451951295
1.4974092036362239
1.3755775224871751
1.3345209511534388
1.405707843666849
1.4168391293827642
1.5001644131449363
1.5807831776729115
1.4250700006384045
1.415838863873778
1.715366523303143
1.5215658024330596
1.4018139204175804
1.4551865568207092
1.491154238012492
1.4800155787110274
1.5235244326200894
1.433751457718403
1.498912729127474
1.6888157113927111
1.6093415049600317
1.4051391713036627
1.5345772259585384
1.474414516471796
1.4945441703888551
1.6588585051698066
1.5362614549034705
1.587808456883911
1.522737227987157
1.5759256515039917
1.5092183765978842
1.4918107621087164
1.4989619483829257
1.4617494800043611
1.6717516275193907
1.4531508253787007
1.5482034879349587
1.6918279219485624
