3.3485035649429
3.091583404303332
3.058021963561549
3.017086389100319
2.982833833758167
2.9327552020549774
2.897685549885249
2.8727622011950182
2.8527675292781054
2.8333010909062373
2.824682964266633
2.803230252013545
2.7887375883735097
2.7836062625157747
2.7716757309645077
2.760865509356894
2.7526646541912045
2.754932089154546
2.739297793341565
2.743162669111254
2.72879907844123
2.7267547964069605
2.7178359708891375
2.724619381504951
2.712758993257109
2.711625402902405
2.6996339110529313
2.697773297270425
2.6865786079696368
2.6934675181328576
2.6849908463940224
2.681707024084211
2.6850979520507607
2.677200361948464
2.6748644782178572
2.6595395438043825
2.665486511444139
2.6686668153411928
2.6570378987296634
2.6616140279961025
2.657235451739469
2.6564772897854616
2.659709087072394
2.6534291091092688
2.6498517246738857
2.658223540019646
2.647102531646776
2.6457183041896015
2.6433388607046218
2.641052252434018
