0.748813267228967
0.5819146927382987
0.3684869451543032
0.5363386100379087
0.0812230009459338
0.23850899593809904
0.08795231028254759
0.08897800740422838
1.5913195549431494
1.871418866060548
3.5199477268477617
3.064734562473782
5.407655100701219
5.709140609886687
6.633913383645527
6.793935634322086
6.470246959540804
5.63752546754934
6.6208756717584905
8.373912229376325
7.531876852956869
7.557048048003245
8.16535274659173
6.955273240299548
7.939146607609119
8.406430507110336
6.908045762676304
8.63619945615025
7.994911157478721
6.543701250674361
7.853406867738498
7.971996834722616
6.317734096009852
7.950388671988148
9.012671383760743
7.77251856811976
9.635077454276004
7.719741819268566
9.753317489462384
7.274171522108175
8.003497756133646
8.751746961625956
10.707477246300648
9.398375234361422
8.588119854361324
8.784718899403588
7.04821341724719
10.875817921202062
9.881968803324941
10.930455252275628
8.358744875859406
8.514809693320323
12.933437032214666
9.670146154145064
8.129645887067763
10.09174391778849
7.654601495144731
9.614486601393102
10.827103311732664
11.31118752592701
9.329814409805557
9.516281447168124
9.205160159175678
10.79241072121313
8.548256455841711
11.945063902159868
9.827119013010446
10.607251066272541
12.245514732296185
8.457687353683731
11.91759481268414
8.42617087242967
9.43028608621177
10.167789952229645
9.319308881032265
10.80714098881867
8.819849248659812
10.047772233769045
11.199247618853036
10.510139869431319
7.812030066878108
8.684490167488486
10.479789790460618
9.10575406026032
8.90441781787549
12.011593754008665
9.906731684329147
10.419570530875255
12.50070869316489
10.24983996658002
8.710461505388809
9.713874598680917
8.885092979770596
10.352889194326886
7.759592337123419
10.045921806561745
8.495244838423648
10.521067582954794
8.738919116682926
10.27803984536963
8.728589330689381
8.202271115981926
8.813191446207338
8.130398794756097
8.234687021223165
9.158136404166788
8.145610619399507
8.520623908204547
7.64923536979546
10.504906630111954
8.330709699857033
8.765362575902778
7.691889045602184
9.393302828578626
9.5599063311593
8.957907789844578
8.452390438419277
8.3649144435333
8.58783725358672
10.780727354146666
10.242447186324556
9.746587999796462
7.767027176032632
7.792116215673544
7.755241218259779
7.644025081295078
9.02558584132437
7.80888523489742
8.605823052131523
8.350319872468205
8.176715171943277
8.52756655216217
7.967484708559716
7.323101514476841
8.5218731306367
7.591403126716614
7.873147649280096
7.706953121443926
7.617437580884514
8.6122419248193
8.679272696123284
7.724841582573067
7.217696404052993
7.382197406332372
7.386696383104486
8.346184730529785
7.971206382169562
8.211330757302752
7.622525269702329
8.94701085252277
8.934504662529896
8.40378570354591
7.982579485844758
7.689852312459784
9.007070632304176
7.504401966676873
8.135145098476087
8.14669188806566
8.001479177151696
9.203549381029807
8.271691150584463
7.76554663706634
8.870134456683013
8.973106079182383
8.093673209012564
8.66632771694054
9.59773801747015
8.791728587473854
9.315716981887817
9.658413458678682
8.800818168510824
9.287903185618125
8.403422270791005
8.401056303816327
8.19515248880548
8.051033591820023
8.159033266164489
9.061903440346152
7.7551287655103005
8.791694604744345
8.748527183371076
8.809705594838675
8.337430854975167
9.218845361370152
8.40351102513782
8.489884895793463
8.416685399362596
8.075333037618863
9.288885348934238
10.239242448645124
8.187207917035636
8.330366676136599
7.556994541216705
8.88485052423962
8.243563985420487
9.562321006241492
10.327277409828316
6.984011696556867
8.264866612725339
8.749914116778616
