3.5610926991547416
3.3642932305900084
3.3488138062613353
3.340348431091059
3.335440633631709
3.3339298565857147
3.3339654491711874
3.334387015574202
3.3112929459726814
3.213953591544658
3.149023346465677
3.0504868420918263
2.7933827664488122
2.5486073626683377
2.3905698961280577
2.3026017739643
2.23426667720726
2.1773184496898708
2.1316565231275617
2.0963047025050483
2.1052008714043504
2.0315591279376104
2.008000681647208
1.991078711463641
1.9854269662061481
1.9521293803604225
1.9528756065052453
1.9240254704892708
1.8904246885270015
1.895387090965221
1.9002146981458317
1.8766504377797641
1.8558469998558378
1.849970904960039
1.8488830788624466
1.8340393283842433
1.8301860240459247
1.8186869727164763
1.8080272599414289
1.8048662342988122
1.7958631775587053
1.7879991969562583
1.7801864422397247
1.7809677206001173
1.7827462499570124
1.7664746668218736
1.7797491258643858
1.7709940041472958
1.7519296853209538
1.7581741551224737
1.7478185593959887
1.7542095824045283
1.7558453016187439
1.740616220360255
1.7420745482466233
1.7436816090206313
1.7352934880574804
1.735845954750973
1.7261238196225035
1.7288338907712608
1.7299875342060296
1.7139374719893792
1.7135473782051014
1.719937234641195
1.7124972073601448
1.7047939830464611
1.6929189380055512
1.7088781397605206
1.7073731922586093
1.6975508594532458
1.6911474763981105
1.6935701068678304
1.6898356371612955
1.6852120075663044
1.6908227707878078
1.697782859517276
1.6926418387689797
1.6915616317699056
1.6758272882567729
1.6868366667641708
1.6749653863067564
1.6854930722806183
1.6808715343865712
1.669485954051617
1.6712038628741752
1.6723374536766462
1.662097339497401
1.661479809076338
1.661730743996491
1.6657387310005434
1.67283887342015
1.6634508927142673
1.6585961643711642
1.6674776748707194
1.654922693370065
1.6571899025936963
1.6720406876886862
1.644954940065516
1.6550761517373647
1.645634893896733
1.6477205481531187
1.6528576218686628
1.6422629708693353
1.6543249561803242
1.6606881496509078
1.6402752527778772
1.6481344013296089
1.6446750853035326
1.641654390953039
1.6359588758310137
1.6451468228610675
1.635476029363266
1.644247030899557
1.6359513853106693
1.6391215945578383
1.6375041055327988
1.6343569873641175
1.6378318298268015
1.6342876175608345
1.6340875096658776
1.6341933599027805
1.6260740091895354
1.6405836963477898
1.627580516708224
1.6286302844471878
1.6297500393110564
1.6210758158090024
1.6356479433585132
1.6277316542760887
1.6237208721240524
1.6204476253058253
1.6291882429657731
1.6175464494668506
1.6256884413081703
1.6332330460729922
1.6151857424894904
1.6275449128508128
1.6104248388839266
1.6206982013294065
1.6155870077895962
1.6137763341820928
1.61751704195509
1.6273905085678038
1.624941769994969
1.6036770647781284
1.6179636791012983
1.6108456865666687
1.6148054288929719
1.6036669177400056
1.6148728569462512
1.6129414954733956
1.614201349310342
1.6136415134040343
1.6098469641186202
1.6004909027125374
1.6136176928700945
1.6052996706289198
1.6065395684501844
1.619867568517678
1.602810068839015
1.6333742761436272
1.607535769253347
1.6031722352000177
1.6038928883904275
1.6068739510929297
1.6052915933334189
1.607790167927986
1.5995905329543842
1.5907210095515272
1.6159876668448336
1.5951959122120236
1.6001399531503022
1.6060909069418858
1.6051439476266924
1.6021210226034757
1.590300580443196
1.5930996738493175
1.5964725827565702
1.5970477450347758
1.6064196634234047
1.6028543422322659
1.6020545163117517
1.5920557060838965
1.5972030208679773
1.5973395242878419
1.598314459481007
1.5940996471897677
1.589801321203378
1.5839761687359555
1.5957599077564353
1.5813443561191691
1.5965573391951453
1.6070152908575812
1.591030052290849
1.58842681228163
1.5855110435763002
1.587630228287755
1.5880821529490705
1.5922069814036335
1.5903977235711309
