5.005224631743211
4.010136155968946
3.8027097645032324
3.6378316283957957
3.4928948066296073
3.4297272601773687
3.4286165698063553
3.419600374816726
3.515063431826079
3.7180267931055546
3.8212455048992453
3.9232701877565885
3.95964823489398
3.87939058851132
3.804118750771684
3.7514974446361102
3.7115228076572553
3.666668357392388
3.6374104542172057
3.618241249417068
3.6289424104764723
3.570204511022548
3.561745057865288
3.5436489454215536
3.5406879115875656
3.5168940394421457
3.5196572079113944
3.4928761445934344
3.466883820488079
3.466034392963117
3.4661935613236365
3.4524130993966824
3.4297712380116074
3.4234230848203855
3.416228863532261
3.406100143334244
3.4012556946575274
3.3888470171125413
3.3802381210819017
3.3756599684889768
3.3667102027905558
3.3559694832775664
3.345719407925194
3.352223698545371
3.3520405431092395
3.330640707550798
3.3446060016513406
3.3357103112970665
3.314460676710868
3.3172105502457683
3.3110849167351053
3.3189840580272323
3.318722395246945
3.3013680233996374
3.302878007994194
3.304616335616266
3.2946131669542997
3.298340626832554
3.2801988031158573
3.288778263088918
3.2876904256705908
3.27373136519605
3.2745447536496615
3.2787138993165263
3.267785515787169
3.2631015193984494
3.2516863916040295
3.2602339433052476
3.2694757416069726
3.2523256117234793
3.2466046916526015
3.2490297891153843
3.2457480611149228
3.236234049205647
3.240456255547004
3.24843201166872
3.247082401385719
3.24325442431259
3.2230411660119835
3.2413894264511627
3.221965141682853
3.2294184937127732
3.2313752059218244
3.216035014042052
3.222051494686612
3.216564623000824
3.2078029145191205
3.212015975853775
3.2081736192027908
3.212873931210206
3.22031216371562
3.2140655335080073
3.201583475155075
3.218069215997828
3.198963272634999
3.201152276270613
3.2220357729185327
3.1867230499664196
3.2018225630238266
3.1859248762876344
3.1948297445372975
3.195043568429623
3.1857386552745868
3.1969888017063397
3.2012415292367455
3.1787352767870947
3.191113800286173
3.1915434251981245
3.1834902197329957
3.1745402993503964
3.191680237351994
3.1725786887764977
3.1834772607121757
3.17753734170927
3.181292999390935
3.1773189305771194
3.175712740133397
3.1827909285740144
3.1680029562834195
3.1711046477101936
3.1750854006371827
3.1630498771534756
3.1830715690047535
3.162558827398256
3.1693734609343895
3.1626968259846535
3.1537872091746944
3.1755841294615377
3.1604969254586233
3.156331705842114
3.157493279988386
3.1713644160240633
3.1565343308926996
3.167060237900917
3.1707600669884264
3.1517633370966682
3.1562808974082968
3.144747353849282
3.1567314848078114
3.15118968394073
3.1482635436368387
3.148495024362159
3.1596902376113247
3.1590625076473517
3.1373528748128536
3.1511268838233653
3.140620728667232
3.1482203934849453
3.136117217973076
3.1514722066388186
3.148774807637605
3.145733565323869
3.140499543031122
3.1461350968564283
3.1375502862746822
3.1476178768468692
3.1372564607987967
3.1353346749109368
3.1499754784295564
3.1354863623151807
3.1679048591883907
3.140570440792032
3.136720061253389
3.1386103157718015
3.136804532477761
3.134661335267837
3.1376168066197323
3.127245430960013
3.1214848821689203
3.150091209423332
3.1249021099963445
3.132620983518053
3.1389671764654845
3.135782106460434
3.1377202679864022
3.1226258099298714
3.1229354730161836
3.123877114660175
3.1233035773465834
3.136928854738158
3.1333686260234317
3.126530457753116
3.117694519115578
3.1253257847886275
3.124215185569048
3.12784061703192
3.118080425594266
3.114849272000707
3.1070829702604517
3.125511382478112
3.103260586215881
3.1220886861502124
3.138899286409113
3.113439387295317
3.1114246304582682
3.1140738227452305
3.115791017971125
3.116537287251851
3.1206327809010963
3.1152252796679014
