2.6256683684141473
2.1457460115321263
2.4865389463268444
2.1585015082381256
1.9692641802224704
2.3535087580127865
1.9765401260127573
2.1269544833714766
1.7598486064054206
2.0692012648235747
2.003610928761921
1.960860631979395
2.381184941823725
2.1852389747406336
2.0662334538032754
2.190027468691649
2.3203059963460237
1.8582793415223624
1.7592440032212897
1.8534128059728652
1.9578833812620582
2.2057366817983897
1.5181111138068857
2.193630362977863
2.2179345867077545
1.6566225517141726
1.9960811491721355
2.0773673656345566
1.6443243960987517
2.087064499521497
1.7527630128346992
2.0114472021005474
1.8378059616628684
2.0974319517694746
2.03888185236567
2.075054196514844
2.2430421772279665
1.9613332468630584
1.851867139750892
1.7982694897517815
1.8267902297958272
1.8892715320135118
1.7939189846099821
2.370445045248682
1.7132253327569378
2.004122714347901
2.226108397199874
2.1993401358602678
2.315224249023915
2.062981655945495
