3.1115738285760646
3.0741400226107065
3.093266993920931
3.093483851183318
3.08457745216109
3.0777252432046027
3.0853531588229606
3.0802023958013764
3.0723495869939264
3.0659886445920175
3.0621879828186693
3.0639153970702786
3.058495346068541
3.049605119117231
3.0459072107970977
3.042659231017241
3.0401166051596715
3.038220068401523
3.0401650670481053
3.026173906465116
3.022990698951227
3.0200747842248807
3.0164939700225437
3.0217059309250005
3.0169861027365097
3.0219850925956937
3.0143056500300127
3.0111013794620796
3.0122999500951435
3.0103153591447556
3.0126773600068963
3.0047546715098403
3.002217782424717
2.999106358857237
2.999342564983695
3.0005330244244823
2.9943576651397805
2.9980761609557494
2.9865573307330595
2.989314383264942
2.991839196308101
2.99466698733812
2.989166163229755
2.9789713548748487
2.974994124667631
2.979869231091993
2.9750431735877796
2.973486893518872
2.970279133982301
2.976562214260281
