4.941431126689658
4.743515803176819
4.698096820137338
4.694972927275688
4.6922480206360175
4.687721071587982
4.687943379994849
4.694366885301911
4.700214375854066
4.685697157440952
4.69941021124464
4.696764085287974
4.7005016915991025
4.697514553478835
4.697472129536882
4.702500236238652
4.706952066385748
4.714764268700887
4.702574779550133
4.714119156762514
4.716232637981345
4.726939669028402
4.7239013883534975
4.714661370341426
4.716181496867078
4.719251726326934
4.722629924881154
4.714167405612692
4.721657557361083
4.721344387796383
4.7199555296654765
4.717901787182471
4.72770282812562
4.730211486183636
4.7268674826970924
4.724422929088409
4.726394397989797
4.7297574388292345
4.732461336099706
4.73039862935875
4.73970229095124
4.728006895976317
4.731793827541446
4.734465046951121
4.745320540853767
4.742203337259264
4.7436323239277955
4.740525717462365
4.74461849208524
4.742509753311322
