6.708330050705329
4.628412301936205
4.750355681857547
4.83327291739033
4.936594154537108
5.041894132106
5.0964519373084896
5.162580644762194
5.203120482627643
5.204718706383821
5.226470729405662
5.227673552671455
5.243461066384727
5.222461283130229
5.2417385077998135
5.238709111624856
5.241006855492119
5.2350919986170075
5.243607977642516
5.195066993300979
5.248015620993831
5.202414836662617
5.254469393456458
5.202113875704536
5.190716232879128
5.218660936392412
5.216562996499787
5.205199417767224
5.207426565187472
5.224236152653836
5.16852990448705
5.223963062428753
5.213983186576971
5.2347320712517895
5.198324371642281
5.170707513620187
5.190356769463577
5.197694587584781
5.208156008211035
5.180634765551357
5.199983886463455
5.185254244270472
5.172565141699949
5.189715062022363
5.205610336637558
5.172746019473868
5.219448745634258
5.155213125884303
5.194380882930878
5.197985169203278
5.153292646739474
5.16762772919742
5.184416915152217
5.138638512354866
5.159293021321143
5.178846748332413
5.17815418501158
5.185867037091937
5.1792228838651795
5.17623706766077
5.16139808983723
5.142097289037521
5.181459817800436
5.132362516690405
5.1524665205328315
5.149637590504061
5.152106421334403
5.161604934677654
5.159139571809708
5.155965757799578
5.156296676650471
5.15615937455127
5.153632837219435
5.1563841102973225
5.148248379755204
5.147823711773297
5.114418065992869
5.144624459697473
5.154561886609445
5.135980517707736
5.140953794869677
5.135330870958522
5.129264786129906
5.143010725232472
5.157214161051747
5.111398531203104
5.152536137530549
5.13048318116668
5.150843504312876
5.104963016632748
5.13651044273622
5.142717997233073
5.1134645248472
5.121546935544204
5.115986964877508
5.143259621034718
5.148478155737525
5.11713864290883
5.117613840287256
5.142161734469302
