3.623844709036485
3.3644476712051756
3.027397397416997
2.8782245431470805
2.7232991035117347
2.9491929577837546
2.840870596382731
2.720043474773191
2.861282713447251
2.938430384672352
2.8297821407871098
2.7972973667966348
2.9334392694630385
2.80783845563117
2.9655034048349913
2.8044714394440806
2.908987855889311
2.8971195080507424
2.8418208239981504
2.938192272043645
2.860254824847271
2.9714366319373737
3.176553275746461
2.8931511303163924
3.2011943326476966
2.902033711489148
2.878589867283768
3.0425562062572897
2.925284348212241
3.2415147082793565
3.0624624045280284
3.018048721252912
3.1005061770494886
3.2003869238505427
3.18710926892403
3.0839003492378168
3.216097142363933
3.096103775517709
3.1790200655108163
3.2712852982842753
3.312168518025591
3.1280600339434854
3.2094443538909787
3.155256394192309
3.1162328832005772
3.111128966489038
3.0753932385416114
3.2777940734322586
3.270700874605104
3.212637997309952
3.2071975062533125
3.268244447490887
3.1751159957296773
3.2577348722601838
3.224465915205508
3.2256528556045168
3.192924373280437
3.308038375808849
3.2241239840129636
3.291460076510714
3.248030305567064
3.3579486024253553
3.258002029329854
3.279788839833505
3.2677584917820712
3.3086806867619676
3.2922737009230154
3.3377273306559156
3.2988553592481757
3.245218975281748
3.3245420012120768
3.46961058442405
3.3177557322927407
3.322826828980742
3.403961719591059
3.448873602570447
3.409052286453089
3.338300728271263
3.3753316480335527
3.5339451999747693
3.291966037765605
3.4447746145193117
3.4093675352821577
3.300705601090503
3.3978785905100706
3.402210788687308
3.4566121829911087
3.4657207078446564
3.42434618119759
3.3914220593132516
3.3255023176747973
3.3912197768386476
3.4897076316654436
3.431232673859629
3.399088199271401
3.4365294386700884
3.470495775499708
3.551661244801426
3.3981107020784074
3.5365836598935676
3.3820197882325322
3.4136856532678372
3.338399601158216
3.4645709168565366
3.3953187436043697
3.4247960368993366
3.405658228190001
3.4511290354713338
3.5386598834890512
3.4177889782220494
3.5363446716553484
3.4926765346329605
3.3882177302873577
3.4531434711859186
3.444213260059471
3.546559087482949
3.507608511345868
3.4729000208183636
3.4321479036464595
3.4576141146323236
3.5203716148717907
3.563913273087197
3.580040492113976
3.568109278189549
3.6137448088452393
3.529666572027474
3.4586822192788507
3.5766030664659016
3.5035876170095626
3.4877470954464043
3.5221689641064233
3.4801720519028554
3.546982383431787
3.5611903397542126
3.5281743241300028
3.6024286389844624
3.6331976288976726
3.5209622363916915
3.521494317647229
3.5269955638581796
3.537194430855524
3.5209901928627376
3.5407106145098632
3.4801060717828913
3.757410453477325
3.550647368641751
3.5466601145305887
3.603732928503399
3.4999938498868737
3.5520650275665333
3.595698065490038
3.6633519159721657
3.5681390205507064
3.4924181244969095
3.5250395957193668
3.6053922478635902
3.7220976462958872
3.5022900754605577
3.5905047715999427
3.63710062623408
3.5696469743406505
3.7073370122273177
3.6960010385930238
3.5493593334987095
3.6732112668485506
3.6844180858030993
3.6501772153009977
3.571567837455774
3.6752476438201085
3.625336387439417
3.6757886337345225
3.673583901592295
3.6498949630875988
3.658108821839053
3.6759014760520783
3.6214585488038957
3.6346228446381135
3.5757579825410524
3.575783120395399
3.5675690382568175
3.549230377245103
3.5787237009802446
3.5311692750130277
3.5457287955492585
3.6568818709513473
3.551231924202713
3.602343692737848
3.572792124759202
3.6306308908392304
3.6322938698642657
3.7093813043007144
3.5268931494184863
3.7239269667158905
3.550241031297823
3.7324331302111786
3.637072041733606
3.668389161446102
3.6622891226398524
3.6301676627956554
3.7011684255011885
3.660289454284594
3.729541736103344
3.6966570416629123
3.573664573552254
3.7113434517378088
3.6969975949540643
3.671506251051192
3.5739713091483822
3.6255331195229163
3.695863912361205
3.6313037911264567
3.6952542042435996
3.5908920637100894
3.617832801498908
3.6996941848992755
3.6585852650525217
3.8590028539430254
3.6503676951233275
3.6271778298477617
3.6133744475263305
3.61982214862281
3.6694329097640717
3.639552848875605
3.6039143670170306
3.580930966745035
3.6049830802727887
3.8311151325894675
3.7093003589987372
3.6693334725942144
3.6397330758761437
3.574128805960152
3.677531018325167
3.6920958302068208
3.688101949913404
3.6543040006214498
3.6731842880802006
3.581933456579771
3.6122716384388256
3.727486087438756
3.6486386262048405
3.698508376083339
3.5856437381379243
3.6893865624935573
3.783971137952212
3.748028382254371
3.6713039075181717
3.6642741672026085
3.614365966485713
3.7415019683008417
3.593198762914304
3.7340607354567448
3.711449103480487
3.6566184456865196
3.6904310238728915
3.6397513437534443
3.70056360617136
3.6953374139734856
3.6580124395649607
3.6782518068985954
3.7113003279830363
3.626848558539133
3.6510024728502923
3.660464301671073
3.629960673885635
3.704313744831568
3.728464836247001
3.7504837482797346
3.874038556672108
3.6942612921867948
3.7324677171435052
3.7420090853866212
3.6763059861968315
3.7122130821884585
3.6663643799780483
3.705880658724206
3.7589561674269016
3.7008030494675896
3.6929757495766897
3.75021594452847
3.660849312730939
3.681656753528628
3.708215038511976
3.714703316025837
3.7027117754532015
3.706441950150695
3.619093763954454
3.7267969698605317
3.722560623632397
3.738129946146481
3.741528460851091
3.670422806698114
3.7350950521968556
3.7113582276003294
3.715524761620832
3.6665185413435206
3.6910571514380677
3.7413864650322552
3.641390338286353
3.677749552816715
3.7303660615380325
3.7077170924771727
3.6677409959069824
3.695479937922938
3.75120223045788
3.676107841870009
3.7597688421696165
3.605486818134538
3.690189310114229
3.703511215166951
3.722754045340305
3.6966946192507475
3.674823680123699
3.772278616245145
3.779293504224304
3.6970450473830168
3.738460215346033
3.7491795302424844
3.687880183988818
3.805819039129739
3.791279383974036
3.709951398178448
3.6316847564764854
3.7272968047015196
3.733611689917349
3.711377559528886
3.6864975614038635
3.6875654024513866
3.8854524189571165
3.738833262357523
3.719742938279557
3.708013290860825
3.778592574119129
3.705005444034255
3.706194973024859
3.760752100084325
3.895036672152411
3.739828932521204
3.863474397137041
3.647162528340848
3.7015649739685443
3.739646576540403
3.7728209989826853
3.7479002105438157
3.807959169382551
3.7215861299868505
3.840828064285661
3.7733288530484903
3.8586215077596386
3.815990461767735
3.762824002685933
3.7402044337189695
3.841642736181706
3.7108145426672503
3.8153891030182994
3.782509748967518
3.780082840278738
3.6944396134296213
3.766231172160514
3.7046808805325258
3.6996809282557406
3.70224222213071
3.842833577736259
3.760423410284426
3.811624888829575
3.7451482544392967
3.7954288875239266
3.8691934225913625
3.765973415563472
3.7120747801569602
3.8009336101696123
3.8254017019622952
3.8962030668056786
3.8222321775504864
3.79483030268085
3.783226381070154
3.898144038053794
3.8346524425108095
3.7244729103715093
3.7889902768352313
3.7821870364190464
3.7221181264847476
3.7625606508228673
3.77617357235815
3.820483976446205
3.8012616417674607
3.7933415919473736
3.831595251212403
3.777537243079876
3.911464170272922
3.7706148591504576
3.8110554703797166
3.8327287456378154
3.7379919050258805
3.7868097612948883
3.7041202175194803
3.786586808434182
3.8101777729766466
3.8464900775269544
3.824520937704129
3.816258319171409
3.75834705409398
3.7842167054131126
3.845236736785636
3.8669317792869635
3.8824329809609286
3.81252510076945
3.8972152175850656
3.8297084503002665
3.762654413235555
3.868579700088589
3.7638734832536334
3.818103886451581
3.854043451147698
3.9518096685628983
3.8887671156517656
3.8082991939944932
3.844765721846439
3.8884342350940027
3.8126324227039463
3.862222834495811
3.857348019606059
3.879871868231414
3.7729162297597747
3.8819553163596905
3.8242082698960704
3.8412708767097885
3.8551619885102757
3.8344036400510153
3.8524037452540636
3.7781151678504012
3.8704932259350286
3.8314262985689433
3.867847490738572
3.8388837899033836
3.8278707387092967
3.8145179306917676
3.8680741931236784
3.883386595261245
3.871735308009032
3.8380695239114035
3.8655620488054017
3.8007402369573375
3.860233735555446
3.8492560404212695
3.8366651282681334
3.9132078379680637
3.8473740636177785
3.9061687584577265
3.920151818308806
3.8513225170526972
3.792377862412426
3.785986444997283
3.8601009341576544
3.833779222944394
3.9160607118404687
3.886070665213791
3.8556541686117294
3.8406637230612857
3.8934725794000005
3.849800605133169
3.914155373527221
3.8533935144756226
3.8190255890888825
3.905642497720556
3.824376659737827
3.893116202378569
3.9787683446342585
3.900354809712771
3.923367938137362
3.831380739828655
3.838453660020069
3.8817428049270974
3.8866078352193045
3.8723802954383673
3.8261700055591534
4.008189785935832
3.899351691409733
3.914803165474412
3.8859716161735807
3.9140488563788636
3.8736772942641777
3.875627392785537
3.8964784903510945
3.8893703120236456
3.943012196678639
3.9841592177453813
3.9100026746965804
3.926678351361906
3.8840123816563463
3.8150282076191804
3.871120925768147
3.8532294878145543
3.8837809785960515
3.9111270530400493
3.915471745206637
3.9455767827159076
3.882932835880425
3.9509596036866244
3.9024248411180342
3.9636184753386368
