4.001994949654688
3.5417304250258432
3.4012051552156857
3.325920477396325
3.2242476553856574
3.187983412078664
3.114762149883222
3.065286426302753
3.032177514064161
2.9838524540768394
2.970475181145004
2.9197058798391606
2.8763837959192977
2.8610286791113357
2.8179234196868124
2.8043887560880636
2.771361305743833
2.7488391351096237
2.736504801617393
2.6963193615780603
2.6808506343938125
2.659365361853491
2.629017355170431
2.61898231204552
2.6070975016944016
2.584723551062089
2.557928317709814
2.565115727955782
2.5237165623073334
2.5231916180139855
2.5356911731671685
2.5055954740017277
2.483880843693697
2.468574254724044
2.4608067014549353
2.448263063913659
2.4411555703682235
2.413665445243256
2.4254080120521255
2.4077014081085784
2.4008789937707444
2.385570004921925
2.3566869654232945
2.3677078769176823
2.3721866170062293
2.3419698325893545
2.3368329045138783
2.337779879871803
2.314737168143067
2.325244366368161
2.3087151080747192
2.2899036012118374
2.2926191157932525
2.264911666399316
2.278881139393094
2.2727208529846576
2.2640025561368917
2.25800114341929
2.272035362147078
2.243103907379923
2.2431423555446575
2.217854551423954
2.24292045363897
2.2141219398643397
2.206129017359094
2.2051092386245728
2.2067945290215407
2.1907066221478617
2.2057698714582226
2.202962577192089
2.177096142346346
2.169685315482224
2.1755625754972048
2.1489375500739376
2.166523330121101
2.1516657823248755
2.1494593647461904
2.1602662892281255
2.1426357601262347
2.1454638571678837
2.1252292977103706
2.1215371569500694
2.1332509553885157
2.132309669482557
2.1219730645795414
2.126400996763495
2.106570458713966
2.118925857543945
2.0952260011359107
2.1026795441591286
2.114486282083053
2.0985065976275674
2.1084510809258568
2.0717663964138757
2.088797339608398
2.089277901528757
2.0747338868394682
2.072217654880089
2.0596514040910745
2.06111500202855
2.0557907828801794
2.0689808797232714
2.0438109425049795
2.056472367576406
2.048696140699749
2.0638425063483323
2.044884691962713
2.040100325813776
2.0157976011686687
2.057045827636236
2.0389237500444244
2.02667819186102
2.015336699123624
2.0303210349022587
2.0099381585664386
2.0088089976129653
2.019992951199978
1.9982188550731803
1.9970084947875784
1.9973007111609737
2.023971348774584
2.0194994844967806
2.002778295022023
1.9954454986354973
1.9942692267743847
2.002994993064977
1.9905160783212397
1.9893916172317312
1.9676170252546479
1.9812336791919756
1.998000802873056
1.9869275349604933
1.9692057060289987
1.9832213054729413
1.975478682336928
1.9766207547127446
1.9652019051056875
1.9829285413404054
1.9693035569372057
1.966207729110235
1.9652432025233402
1.981640317168417
1.9690223138543623
1.9679849132706848
1.958110632775705
1.9420971010304704
1.964457079126865
1.9506082148491581
1.9277176386193384
1.948670396925528
1.9513617808305765
1.9286671203903005
1.9450629777546171
1.9536563333076766
1.9302651858027977
1.9504021041000945
1.9079190803479544
1.9257153402400922
1.9262136887900436
1.9010363488257687
1.9228935108909124
1.923119607152818
1.922890031488636
1.911527703381792
1.9253620826745335
1.9122853445101389
1.9242769944516918
1.8834675137000747
1.9292088647431964
1.9114555896083012
1.9017736996276469
1.9046943580047995
1.9114827282821076
1.8994117320338382
1.9049640456332435
1.9008707846267314
1.8899921266338493
1.8904025687447077
1.8892378770852392
1.8957558007179935
1.879537736615048
1.9002089286152322
1.8980456560472898
1.869348311726051
1.8663851934143258
1.8803524451919749
1.8560968347742588
1.8656878133363362
1.8893463964703716
1.884973480731626
1.884388604345201
1.8583540711221815
1.8645505488673344
1.8731950201565706
1.8843571976770328
1.850023595290848
1.8951049442532697
1.8572679245019261
1.8480166743073283
1.8585869239855417
1.84711916989918
1.88743027252487
1.851201177246963
1.8469411828849889
1.8521720321872566
1.8438660570337801
1.8708988938150526
1.866387879999378
1.8461350851421114
1.8506885012493859
1.86317140693906
1.8558318928827213
1.8543797541268263
1.8520051355603375
1.8382631657998774
1.8329444106621078
1.8388952430290513
1.8200853851777088
1.8570019045962562
1.8318956643720217
1.8139495846591418
1.8356511662277994
1.8399028835417348
1.8305483661120452
1.8378164659572553
1.8169773062573205
1.827419201030007
1.8330819652050356
1.8402819491639921
1.8205361945719658
1.8329748373997363
1.8087406786182259
1.8158966879301432
1.8020919009100034
1.8208592517466484
1.8202748479722421
1.811892371539828
1.8286418419850023
1.8301369694214833
1.8025277581395982
1.8004225806344913
1.7926292793660223
1.8334402974647812
1.8224500849277159
1.8111935355995274
1.804710672173319
1.8075855194767818
1.81027738082258
1.796876592877545
1.8015382501143444
1.8001095201395736
1.7999912053723879
1.8055604560465752
1.800449752204026
1.7956006587306155
1.8089269861390318
1.7942588619039028
1.7815710197521162
1.801618148103545
1.7979898896398423
1.811210665823538
1.8006688063657736
1.7966474527045142
1.790677321711673
1.7842623363567305
1.7758005371576624
1.789613644986213
1.7880221194858792
1.790448678897906
1.7909385750565348
1.7672590162180648
1.7677246389509755
1.7793872947934308
1.779298570186277
1.793894987468478
1.764218921299222
1.7873642583436604
1.7534874689729907
1.7815257153933561
1.7503104083145722
1.7905530226381519
1.7713717536081242
1.750766369964503
1.7799264660364464
1.7530445524408846
1.7695955916296078
1.7528120538856409
1.7585092997249168
1.7434438780893253
1.766251093224634
1.7427894462513018
1.7708512638188616
1.7585450567776644
1.7594193651706358
1.7509352427494678
1.756789987902098
1.7526362539846685
1.7505393972879724
1.7274459509909907
1.7463589761830582
1.7638363880447194
1.7607004992569548
1.7239183564729328
1.7432003814962846
1.7648671394662012
1.7264787803722332
1.7342251602607437
1.7481414088720009
1.7276967344404777
1.7556037359599825
1.7345416192766987
1.7330233655398406
1.7239859493472909
1.7417926607252676
1.72305949881107
1.7248565562163727
1.71729410992393
1.727863738506655
1.721363383003428
1.7186408836630327
1.7310728501669967
1.7388878873631923
1.7283669643764255
1.7206689333613914
1.7218387066563474
1.7201369315763062
1.7292514526391332
1.736124212530595
1.7254962230030495
1.7220210102540028
1.7172595995890942
1.7287167298642896
1.711645685871945
1.726948027671138
1.7014458810226827
1.7026592656026913
1.7100598093829578
1.7188633469086658
1.7105528795266454
1.722212679174882
1.726822863047636
1.700932532020762
1.6905887597723852
1.717749378047412
1.7129294015184233
1.7111867904663085
1.700161070159719
1.6854300927512254
1.6881747629069075
1.69616931510877
1.7025547733789759
1.6905941700633569
1.6841242666485943
1.6870612425140188
1.7066303618346588
1.6784694339655624
1.6757463720780386
1.6679274978516978
1.6787318944931031
1.6751937651936013
1.672278318224074
1.6967584957050372
1.706115893472599
1.6917513928835906
1.6912304395361792
1.708392090737065
1.6769877663141564
1.664488784572746
1.6940835291826273
1.6605806516695627
1.6857982110373582
1.676478169236002
1.6869959598855127
1.6669048167482208
1.6543903700913054
1.6694040615347367
1.6694113861156414
1.6578126985815507
1.6643422872205325
1.6543363302568845
1.6763177998458283
1.673775776730308
1.6906704477117032
1.6614969096606291
1.664502481267422
1.6590217167818093
1.6529594481745853
1.6680773683741124
1.6679739457142504
1.666137493411197
1.646991623806048
1.6437965740131426
1.65833832161336
1.6520246997664247
1.650378979912287
1.6672606766978397
1.6430402644072908
1.6275892794886722
1.6409952145588549
1.6335046037842955
1.6446893673908862
1.6459050866621958
1.6586490552636641
1.6397835420656808
1.6473200438897821
1.6341955951497524
1.6478572637219973
1.6550127039981795
1.6410936162441592
1.6225257188458986
1.6202367058283167
1.6536014230945442
1.6132958780361126
1.6300364301174501
1.6152186028565032
1.617155395882039
1.640268449240093
1.6218391101571579
1.6284885204291042
1.6194775508928902
1.6094547256638732
1.615173208260838
1.6304379937015003
1.609494293188747
1.6059380250641062
1.6201855285258233
1.632421266278134
1.6264729529996462
1.6344804350333877
1.6105158561392676
1.6240326884426648
1.6216105065768278
1.6222576624230494
1.6040978603725191
1.622105663335776
1.6167037517209597
1.5897727190693722
1.5947794340833832
1.596928422058685
1.602908225300946
1.596763101408753
1.597794666169565
1.6074409300767922
1.6039308442345148
1.6035428597957273
1.596683833568911
1.591934224623668
1.6003055684174163
1.5845080095001414
1.594870810870883
1.583023539675942
1.5929544005212906
1.5777994080434872
1.5706513106068478
1.5809618147113655
1.5844096763224542
1.5865669511541536
1.583369509177872
1.5802802686449848
1.5760825938816312
1.6028118716010564
1.582466525971135
1.5921072063566764
1.5600058383579496
1.6002783274348777
1.5869677347472952
1.5748402351065527
1.5571030704281
1.5668684316586845
1.5652224540710449
1.568950203400624
1.570062555542475
1.5662866707089582
1.570815023289451
1.5637498248981525
1.5381199719030645
1.5722045276738421
1.5541794218594516
1.5431614739985406
1.5540035450005834
1.538128238991846
1.5528709849224815
1.5476049552989912
1.568234138096435
1.5712931990623473
1.545262688624708
1.5677761663364458
1.5743325827996941
1.5424952754491492
1.5548825390731231
1.5596481462068195
1.5352316859402233
1.5355030714711055
1.5346110594423512
1.5490259399896935
1.5219048868251752
1.545141773284236
1.530332488802415
1.5505044191698485
1.5100834761993795
