0.5878068815491243
0.841789430152916
0.6077941957122099
0.34637470068578013
0.5125611026683646
0.4894013173116711
0.7316525490107183
0.6924320196579836
0.3071705418263743
0.6565328529459202
0.3625759923744775
0.577316316669594
0.5972115940942554
0.324849819014211
0.4078870592470876
0.4867937346856914
0.7104691467686503
0.4974396797363648
0.49128731338676807
0.42892657677252927
0.48258556553978244
0.6163179971173197
0.5593773553032196
0.44896095877658865
1.0890829982404002
2.1167486492760914
3.3770654789192642
5.134047393569488
5.616732223717149
5.18526087399714
4.035387318693325
5.889168255792591
5.0446950610510575
5.328708405962927
5.848634917654829
5.510015091102921
5.6969815495018965
5.881368776600442
6.096788933855259
5.780943703316973
6.245503677872713
5.98658067668846
5.127178957562648
4.814905902426802
6.046488158927413
5.32750353975621
5.412197218151513
5.764631374565537
5.297477353311971
4.926951501555815
5.151146050684438
4.102502680971532
4.698244403024953
3.627392785582609
4.563664982457438
5.0274153142749425
4.198451797804517
4.1194188446702364
4.785775263944943
3.759922367776324
3.6820694602324155
3.0955111545646834
3.4032012537151637
3.7930518243021383
4.2417882831397655
3.5409734851133847
3.581476926803589
3.718324062580575
4.349739552021982
3.42329368037069
3.8785928375496415
3.7330370011453877
3.8961825781690336
3.7459538518068545
4.561339430914136
4.4889168146855845
3.7784768326249054
3.906765140846879
4.3898062758550855
5.321771576791583
5.565513623262455
5.216460492663488
3.7177490523917402
5.091179241876086
5.209147933967605
4.479716998063968
5.126516505568205
5.6329881175008705
5.433974611018607
4.662007411639533
5.436466875439416
3.574681021168619
3.8426036796493377
4.931589041062013
4.5313399908298955
4.26134109783746
4.895748824538114
4.951431912745168
4.7158292051785455
5.449173609097161
