3.625818817360887
3.396304925089901
3.3740458256990005
3.3621755740017565
3.35854266627321
3.3537501669624477
3.3505021935527766
3.349527985146902
3.349163870788315
3.341579763634691
3.3427750265714034
3.3419139234765063
3.340780141284165
3.334531064751079
3.3338518136913335
3.3279502559634087
3.3278016569544966
3.3207249676139607
3.3210332758218337
3.3150778013525657
3.3139521363869453
3.3059646932824145
3.3024378337906404
3.2901951711154678
3.27475186053989
3.2384105828201886
3.171954186795985
3.106754296034285
3.0590796059775123
3.029876610029091
2.9819163188193607
2.930579826669786
2.8840264591198523
2.8295420714952413
2.8022682660991705
2.751442135537712
2.704584313827811
2.6450728264827172
2.5947790851870787
2.6017668773827043
2.545468168061914
2.4961264014822766
2.4840361525132817
2.4525721122338933
2.4423001883099382
2.422250388316738
2.4064299794076716
2.3872331282467516
2.3732452519889016
2.342223220658534
2.3375935056834547
2.331047236919403
2.3273485039623036
2.316068298319011
2.2943972679017817
2.296193427831224
2.2592803205101237
2.2904908790171725
2.261199726063071
2.2810124225408126
2.234973298982509
2.247095755292374
2.2492857080640145
2.221472649319658
2.220523705181566
2.2092997295763888
2.218724008324077
2.192047583536037
2.1799993784103577
2.165478163263173
2.170300238051461
2.1648643485550743
2.1342595789617707
2.1255044158801293
2.152716853664917
2.125492635571841
2.100846569514969
2.0967916053475686
2.095845509501337
2.0772524652550524
2.051162279635957
2.115911693248934
2.062443580152919
2.0326738357543945
2.0650704424936794
2.0402471686451182
2.0278645383501517
1.9753033990420183
1.977926443213398
1.9566312704271482
1.9847716142251655
1.9839494384608223
1.9582769182121869
1.9639746225574641
1.9134833043061414
1.9400173628214494
1.9109359889933206
1.8769002096745575
1.8689700411361398
1.83667273862848
