5.492716401526072
4.30077066988621
4.095673120716243
4.022823671692783
3.980542318913543
3.9362580214889302
3.9203589483372214
3.9039863151254006
3.887229977302181
3.8575707465699574
3.851874751952088
3.853011105245757
3.845549590957975
3.8521493933733226
3.8599108880005994
3.8332827351625682
3.8471900988551018
3.8539801494589128
3.844688815977967
3.8481227425695623
3.8634157308097024
3.8617060514329706
3.906074595682829
3.895510560100518
3.9020532832562345
3.9419973585212116
3.982444699528148
4.033884283408378
4.047206540130874
4.048544568922913
4.049379407780842
4.038743654501091
4.029130593665595
3.995473454878168
4.003595811649434
3.9645801140266714
3.956640677544677
3.92227640256141
3.9175811878685813
3.895003796781151
3.8628624168414514
3.814847225703082
3.816487435576985
3.7835746262837384
3.799418243968371
3.7773111150102707
3.760812987980333
3.7426452121688323
3.7347715265542556
3.723657489401623
3.721814067618361
3.712398782517146
3.702828942572029
3.7029337651521255
3.6921989084447473
3.687727620300737
3.6689542624556903
3.6918499678083996
3.6681578107250545
3.6719927313258345
3.6571334484711433
3.6677396743042956
3.651560790909147
3.63839865425258
3.6189312402484486
3.632683843663595
3.642334321748863
3.6104901542941343
3.598496314970035
3.6020660394603765
3.6034109239439363
3.594026838691489
3.565003384664221
3.5500039730257202
3.56668749422703
3.5436053443880913
3.515791750069961
3.5064505332881963
3.4967197150860017
3.482306849030615
3.464684019389662
3.519656926104166
3.4533368459025633
3.429714154849932
3.453354948932685
3.4280010218759185
3.418334563958992
3.3592167409878333
3.3641127417388472
3.344285962072391
3.3653706572588207
3.3601965846367254
3.3355905159005843
3.352631618675676
3.2971419310106813
3.320086397592304
3.2842515822753167
3.2600241419181084
3.258177538519924
3.210206439772856
