2.666068949715842
2.5569538696547287
2.5062127874971334
2.4733927865593444
2.447319575476567
2.427585210971578
2.4098791678309137
2.3958162615623957
2.3831560889599155
2.3716669485993664
2.3603233602383473
2.352782263170505
2.342629377412782
2.3368017253660245
2.3272256857211597
2.323708023809456
2.317348072944656
2.3126677523731685
2.3051754091498338
2.3032500274866563
2.298837542390062
2.294670410652651
2.290891976091871
2.2879333403260844
2.284085943493345
2.280265688145584
2.2769280991335843
2.2759633687598586
2.273689579692092
2.270395586966691
2.266023972986687
2.2644163630293077
2.2623530941174312
2.2625052155887593
2.257536904153096
2.255639160831909
2.254602835984596
2.2518177729973146
2.250576005689182
2.245459758596991
2.246308447401741
2.243705903812527
2.2442862668854895
2.2405263140625924
2.2393433358469452
2.235934104374535
2.236252387190458
2.2345516679112123
2.2319558224412033
2.2321980492438205
