2.863854797635041
2.8558719098270067
2.855870521545237
2.855870521545237
2.855870521545237
2.855870521545237
2.855870521545237
2.855870521545237
2.855870521545237
2.855870521545237
2.855870521545237
2.855870521545237
2.855870521545237
2.855870521545237
2.855870521545237
2.855870521545237
2.855870521545237
2.855870521545237
2.855870521545237
2.855870521545237
2.855870521545237
2.855870521545237
2.855870521545237
2.855870521545237
2.855870521545237
2.855870521545237
2.855870521545237
2.855870521545237
2.855870521545237
2.855870521545237
2.855870521545237
2.855870521545237
2.855870521545237
2.855870521545237
2.855870521545237
2.855870521545237
2.855870521545237
2.855870521545237
2.855870521545237
2.855870521545237
2.855870521545237
2.855870521545237
2.855870521545237
2.855870521545237
2.855870521545237
2.855870521545237
2.855870521545237
2.855870521545237
2.855870521545237
2.855870521545237
