2.821513650972902
2.72992140836977
2.6877329432505834
2.655953051500037
2.6341200733999233
2.612692024982838
2.5974283237263704
2.5803394226735774
2.568877038150341
2.555471435062988
2.5438157016790233
2.5314184640199544
2.523775554101281
2.512453704451049
2.5039539603214425
2.497526051615449
2.4886815607970973
2.483355250650614
2.477546744234944
2.472412095062819
2.466864728655461
2.458403758676993
2.4561377715947788
2.4509339706871116
2.4427161062392293
2.4407993760261215
2.434706346669392
2.4340496270611442
2.430752888627325
2.4238475366703596
2.4198322308118274
2.42015714552245
2.4163456532372676
2.4141087575218103
2.4109712545777544
2.4111276819870255
2.4064127809609204
2.407170695398378
2.400141769310282
2.3996054295403364
2.3921027283570258
2.390892952443309
2.391488284101176
2.391016476600058
2.3902453862886346
2.388025462652368
2.3808638563945093
2.381593210472802
2.379725463583331
2.3746462124168786
