2.6148519527412675
2.488445777405606
2.44353940163628
2.418404851263886
2.398974460326711
2.383523419341211
2.3707272041126615
2.361160441890318
2.352277824214069
2.3439548204771214
2.3380343660409975
2.331137915223737
2.325351654531399
2.320046132070854
2.31452633630563
2.31089250987593
2.308762059391325
2.3026536603645726
2.299261093790964
2.2949004716628636
2.2923417121975365
2.2895158939610925
2.2868620972437634
2.2841423671525454
2.281930693137597
2.2797546941333398
2.2763785458780585
2.2749282768744177
2.2734890037561413
2.2701865593219126
2.2677512732488982
2.2673844577875877
2.264767043139888
2.2621649817445237
2.261142085762476
2.260048239078989
2.259191432291831
2.25628306490446
2.2567033060330393
2.2548800927517765
2.2521277607066432
2.2516855589755305
2.2502783183252535
2.250331009376198
2.247873149652581
2.2458977912254414
2.2461527731753477
2.2439902223404897
2.2429106705948416
2.240021023671426
