2.74563194347979
2.6868158980829815
2.6589808385431826
2.638129661064193
2.6261380899461724
2.6090080586002085
2.5952212380464488
2.581838558701681
2.5635273420300075
2.5505918796330644
2.5387600997660913
2.529306870284337
2.5224411944893532
2.51807950495907
2.513374220087257
2.5085213791817482
2.5032728339870167
2.5024391311706995
2.4961874264430057
2.4943808401939966
2.4911757276682804
2.488918354265172
2.4903218150317197
2.4860053586423776
2.482926340704173
2.4809372433361303
2.4793950815154124
2.4814237382022477
2.4779227734313523
2.4776686130385834
2.474991547159215
2.473869385887533
2.4719057701294562
2.4704397385086763
2.469983564759876
2.466820836064448
2.4688614473633113
2.4660252896150756
2.464682622314369
2.46333755259854
2.465835756382073
2.4617710100733086
2.459239628091334
2.458100763607224
2.4579888788404327
2.4564449587620554
2.4557195766871143
2.454455199591996
2.4533147693859423
2.4536553828709513
