2.9134911220386916
2.871340215205178
2.8482997701103123
2.830485394307475
2.81379686014869
2.800312212124945
2.7876267838191606
2.773694966636176
2.766657594463672
2.7588306342778135
2.7479154144874793
2.7415121865252514
2.7376525536605745
2.7337931316246435
2.723241646273437
2.719825420047268
2.716288629447796
2.710932301031056
2.709190422437149
2.700968190020584
2.699538667363009
2.6955958013408106
2.692015354879525
2.6860854298785495
2.6831815887926833
2.6809905009417982
2.6767964351957945
2.6758221410379055
2.6682152439951428
2.668492389509337
2.6668547387348083
2.663751694778008
2.6611834240507775
2.659102809085304
2.6542370180430725
2.654209508996608
2.653029606255196
2.646179099427356
2.6440228655504443
2.642003099226424
2.640936055297575
2.6363076610183267
2.6332522862196415
2.63603923412857
2.6302607779254656
2.629920652692479
2.6318235628712965
2.6280608083494363
2.6231549223810426
2.6233604677933786
