2.3859480574040233
2.3894024158049683
2.193632398196356
2.175921823792085
2.4896846453030266
2.305899514463956
2.0556411642827586
2.926540063712783
3.19159634032087
3.0367578738677
2.502427794412525
1.9175988829924253
1.7465016765441588
2.165753936958695
2.1575989594201523
2.240804882947811
2.1499815512754634
2.461204552220438
1.7271933101699921
1.9204499967590363
2.854733450379305
2.250665265238118
2.3255276665658893
1.4094161547735364
1.6104163968252514
1.4922043362218058
1.8635036548775041
1.3840939107543242
1.4759821182262443
1.4456687281748097
1.7244518469713017
1.4383973435075106
1.545976186324217
1.5298362612007614
1.4552434549064102
1.6386155558970266
1.9714322907174517
2.2745472610832933
1.9790049561995542
2.1790443708996974
2.3230921519782117
1.7265783065784432
2.0996095345827763
2.080592455510386
2.6043560696030426
2.1011605941222045
2.1563120619328564
1.9428750670744566
2.493772531081297
2.406709685832083
2.5281477031822432
2.8182727076964293
3.111521420354595
2.4899988193550184
2.5441149767032845
2.2717800785401066
3.8791325450660232
2.6273567408980254
2.833646336633839
3.2461740120140488
2.765415299153758
2.3922099073329766
2.78346358272499
3.212237229089221
3.386327630293393
2.987193956642686
2.8249062440677255
2.8680417016895117
2.341990140253652
2.780397094084409
2.3819052059808095
2.704898672734568
2.2826452804710677
2.9694866035170926
2.706393232804262
2.4531919698199194
2.5096478634224626
2.6848028045379086
3.132981391612418
2.3753954747874655
2.0898689999131257
2.2477640990981596
2.7456479774926135
2.9484638417651037
2.7058968892795052
2.4075346437389245
2.5917076476829086
1.9469725330750307
2.8145670355680235
2.6246443334705605
2.21586053595992
3.0989808978919755
2.533283727202482
3.1998571393962854
2.6719101679348993
2.2962938320182844
3.0305282376811116
2.7983611910519954
2.6633038210247704
2.7267564910208293
2.2949584390452964
2.5633786135541654
2.656575280344319
2.586990133793894
2.8303732255656637
2.599092537511088
3.008217715548131
2.9274199448510974
3.0662803119552398
2.8676118764705314
2.2584882852787485
3.095722448371933
2.2760826337313604
2.2735476159380528
3.045920135501869
2.7045935361323235
2.8336963233106838
2.334017994408617
2.9039507318355278
2.48185318696475
2.6369717140235975
2.331025349114366
2.5590432249233577
2.484509218193008
3.0213153491278213
2.9257876471670454
2.890776692984816
2.960575593019535
2.7895377226965223
2.3024589164940292
2.847803670562102
2.582388220425837
2.9112284971860225
2.6025665016594774
2.5351143900999324
2.426484427136744
2.5637335481051213
2.412222713172316
2.787024148719344
2.3693945403089502
2.193459180170644
2.870135333590613
2.519854835135664
2.4043107840245614
2.4692426817211692
3.185243647179766
2.506066624769467
2.502926926813527
2.663716470072408
2.213356443301948
2.614504734834354
2.7153740808337865
2.517401212203001
2.482716115538725
2.7168465606674164
2.8003372223917133
2.2791455953059074
2.843321902479581
2.5050558078742937
2.535117166553566
2.8990997269540606
2.4331187112536843
2.894915398232684
2.5945197795340436
2.8510913996992704
2.6561399504751386
2.3754301195393106
2.7560953587472796
2.8194165592919846
2.8614568638658238
2.648077102844605
2.412936877153202
2.606030532018933
2.391823093016783
2.5109744549753192
2.6255766361175414
2.488288106325872
2.730273222397707
2.6154107163568776
2.390823089049192
2.7433347907477246
2.5273644799937705
2.543426200239835
2.5886697797832605
2.3599153792929792
2.7401821971656326
2.499188468069256
2.5620653614969195
2.812532309300914
2.6741125593204536
2.3230243455431983
2.4530934599454035
2.7764235823331234
2.629925196538707
2.856970102371338
2.536286349287014
2.574777289717374
2.65582717014458
2.4064467411958623
2.5526184051452514
