3.0602273179810178
2.4247351727744406
2.24850310096445
2.1468608020118967
2.0817986217349076
2.031646281827328
1.9913579983304637
1.9568342619626098
1.923520506583443
1.8845042927089588
1.869196583596311
1.8344626869111098
1.815575014482173
1.7945340030877166
1.7659548927069635
1.750444947056068
1.7398717626351718
1.713339969977852
1.7029135675393334
1.680380290273086
1.6583354878564214
1.6373413432129593
1.6299392344184624
1.614131799617479
1.5887902232912159
1.5809987429962602
1.5697494755650676
1.562282857217992
1.5419198624616446
1.5376786688963573
1.5201197480855062
1.5089203082313833
1.4863069808298304
1.4817101201114729
1.4747784695075463
1.4709662371712138
1.4534046117418495
1.455511591750984
1.4250941650812017
1.4133386907651442
1.4040865029475487
1.3929625321612802
1.400675477099049
1.3765481022554775
1.3639785152997157
1.3789879372415617
1.3479617756119995
1.3435471581742746
1.333357369830442
1.3299155381414318
1.3123051208812138
1.307362025329309
1.314021329200545
1.2977527560189712
1.2802382247854573
1.2695884954097658
1.2678870844633081
1.2707052483230599
1.2593420987096868
1.2539547276358272
1.2353172206947969
1.2246824549150097
1.239891921653766
1.226968265145786
1.2134079530026562
1.2080406447829202
1.2138451438888098
1.1933933035578839
1.1926738354124764
1.1854860194662744
1.1790732688219971
1.174392901534258
1.1702151605787203
1.1513413794396459
1.1444407933673193
1.1564877859728282
1.1463553441125294
1.1359096331767333
1.12845697635135
1.1241351675040039
1.1308637760406317
1.1161274539754373
1.1175716993536136
1.1112175008007723
1.0925499086463175
1.1018996030785317
1.0947777900931448
1.093268591419671
1.0735257175541664
1.0711786499203637
1.073312928683536
1.0682881712451462
1.0614784173378649
1.0503892080728399
1.0454132251383723
1.0582311666289042
1.0443142637783704
1.0356802562063978
1.0366164423352064
1.0231506956755654
1.0327429385032765
1.0103688394260961
1.0135211643669033
1.0100754615525867
1.007878759688185
1.0156927143996075
0.996885764217654
1.0005231111548667
0.9917611032146816
0.9939529059469238
0.9876782533445562
0.9656945673185725
0.9754693477537281
0.962955355759739
0.9652370193092398
0.9638083586974662
0.9707633234098438
0.9512936741748984
0.9600077981288119
0.9682405931774036
0.947880428197772
0.946264138430819
0.9519863196237143
0.9330090841119604
0.9415068613119828
0.9313420929996542
0.9271900644886863
0.9144657774604568
0.9195782052454098
0.9117320354363715
0.9133955299738765
0.9204657914968886
0.9101093445521916
0.9154727484655473
0.8920851899960707
0.9089898144494194
0.8933664185767488
0.9021755112118499
0.8844140007110067
0.88884278164469
0.8883264024936876
0.8743876193382943
0.8724515274051547
0.8869020474222742
0.8707164916996808
0.8698173990372078
0.8761743468254112
0.8654862727190173
0.8620441568683285
0.8641255103744739
0.8595608907152515
0.8574690605954144
0.8519837036151294
0.8555106482244739
0.8549442068897477
0.8540485163414201
0.8397745600100174
0.83357627031415
0.8499814772963986
0.8419090401987697
0.8376967598821303
0.8357317837229533
0.8188182871586592
0.8242660885633424
0.822475639193557
0.8268581375826237
0.8353001906485983
0.81882052149537
0.8267360711975615
0.8117874562740326
0.8167414761386639
0.8124973328076592
0.8044526028598464
0.8124303851825322
0.8129546617179416
0.8036682401574398
0.8066640853766323
0.8116707231762798
0.7904562556524147
0.8083246889444746
0.7990529825116774
0.8006670967379744
0.8079916676578596
0.7929578405595565
0.7865128658365371
0.7906458088189594
0.7824311989049116
0.7858562592792419
0.7771777000653651
0.7783480517335178
0.7829001354443472
0.7706111420898937
0.7859994853709558
0.769038402323806
0.7782269724059937
0.7737588628317958
0.7714384609703407
0.77332930431463
0.7729576762563498
0.7633776683215947
