5.060816670342009
4.066683637310368
3.900687031043592
3.7848979128423585
3.7206245298071425
3.6472980740458465
3.5960315574509227
3.5436375697915867
3.5104778480622194
3.4306528415790822
3.4122688497683797
3.379530164853547
3.334501106378644
3.2968859665615615
3.280680335538332
3.2502311160860136
3.228311206019202
3.1884665096452993
3.171421102544134
3.131761272055234
3.1077945629755654
3.0887707520362944
3.079819078824317
3.044486336467802
3.0179767855840134
3.006053627692452
2.995372425216113
2.9673111635123113
2.948786553486373
2.935920707361643
2.90658000839311
2.9070244047992913
2.876985558012659
2.8482713337785515
2.851011574037315
2.838126772942469
2.823341667883156
2.8132519802843876
2.782150181342465
2.7622910225114157
2.7643110486426097
2.7407475470803506
2.7367367884216383
2.7185444368641507
2.691934288818707
2.7056251566770464
2.6689904730680376
2.6582383087208106
2.6611167879760727
2.643276473232942
2.627333383805068
2.626015534927679
2.613139875059904
2.603491663239723
2.5789086455984633
2.571125771417174
2.5639999210834503
2.560911832853805
2.541224638852038
2.5364627969819447
2.521211763454038
2.492439703885899
2.513702395812486
2.502525122013203
2.484688787728317
2.4809810839189117
2.478107662626015
2.4607382866070253
2.4496012328900107
2.4498971008746198
2.445680320031883
2.436538743764855
2.4293638779673468
2.3993759569964666
2.3966105050125788
2.4015725428281827
2.3966334806394207
2.376079342392988
2.3739869423614914
2.362739103131516
2.3876519098069315
2.361318049851314
2.3552663837985475
2.35665286800196
2.328238403843355
2.343278785893159
2.3382795150427853
2.33373893612577
2.3061833687761957
2.2993432911791545
2.3126942183851273
2.2963801588892014
2.2900281018295954
2.2652512968972673
2.273534967109214
2.279868280933809
2.2640802269989204
2.2523857270793397
2.260707814217538
2.234177293588025
2.243996043884477
2.2133286067450695
2.230537639223328
2.2116318476754566
2.209323828303537
2.2145798339169156
2.205764936961869
2.2088585023501124
2.189927186730296
2.1943712606448535
2.1919752047505487
2.1539176888475122
2.171896294914475
2.1534710863763973
2.1517791983693146
2.151420168751894
2.157559555052787
2.141353876900303
2.145890074644902
2.1661955153988313
2.1278817249360933
2.1240591764912127
2.140347345623859
2.1172933878824693
2.1188073541766914
2.1138827017573423
2.096421862179919
2.0755379645861396
2.089450009687002
2.085271624516147
2.075059713203778
2.0832071128741716
2.0711547114359314
2.081890896424767
2.056516148669775
2.0757687196944112
2.0535770673160405
2.055407222158225
2.0400795422552167
2.0533395463875097
2.0441377376632173
2.0290520957043006
2.0190570331359092
2.044974836845731
2.013253914870957
2.0238787715518196
2.027534769487011
2.01092232994793
2.006540773566379
1.999123975403549
2.0004569594712223
1.9898950485296028
1.988468700716662
1.9962557352097459
1.989249507701674
1.9908349250638209
1.9718358338803283
1.9495649141396663
1.985152931753979
1.9622817886199138
1.96289831977482
1.9575835409783577
1.9315017821021783
1.932133992397508
1.9382819093244021
1.9430480593627737
1.9541961242293202
1.9340471672688344
1.9456393562777097
1.9158820863379988
1.9285652491935463
1.9190910721934118
1.904809385769127
1.9192362055760022
1.9176090415133986
1.9072473625573076
1.9004031048957692
1.9128989779440932
1.885064199682354
1.907050379717997
1.8920329335586046
1.8992696055608203
1.9050392073023228
1.885818947539773
1.8816017722205598
1.8801410347223282
1.873135358210682
1.8703299711147945
1.8611956540235253
1.858542652901753
1.8692956353111785
1.8534631040669227
1.8657002844089685
1.8566780945127324
1.8558449943860371
1.851845201711322
1.8494478059831516
1.853528602756271
1.850838770238004
1.836897427837054
