3.18709871530862
2.551667659994758
2.356758960945728
2.468221941550536
2.3658162839556423
2.4342465341996333
2.2117625956320293
2.5429012819582892
2.6656945150566718
2.4956452119092596
2.564020324565275
2.3544270736360353
2.82198097664148
2.6015621461025646
2.4096035677828223
2.7356058262045133
2.951228295774763
2.790820413342391
2.945367870493194
2.6345870791082824
2.685118500175862
2.547360111780557
2.884564990883207
2.6430214781723866
2.7429019467544293
2.882187120496431
2.6823289990150814
2.724859512296625
2.730403068204986
3.0741043821546374
2.831819301917703
2.7151592621537763
2.9490151101962465
2.7613374450159576
2.83896150399176
2.784738297512934
2.8004388124559862
3.016328225089721
3.0332451449305133
2.89570641210427
3.0831686828304314
2.896553319196135
3.0798592920189236
2.9364357499334597
2.905592033076385
2.940036882906535
2.962201924791437
3.0339778285941605
2.9483168600234246
3.1575059008060706
3.1790840502329485
2.977732423917522
3.002586153757172
2.9838640913675856
3.0867922230354936
2.8953025530847163
2.9816343945070067
3.115887627533598
3.1455235683144482
3.0299058128928347
3.0609673870580845
3.0977093041135153
3.1569318413130985
3.184004174801703
3.129150187206663
3.016731815627792
3.2622230509926085
3.1863794294415233
2.981293011962462
3.03023883164121
3.0916599092316748
3.20145063591179
3.1415263271200127
3.0999087332252855
3.228457773604044
3.0733575876879353
3.1619394036739363
3.1556890626903837
3.088751659105848
3.043127570402441
3.260166764862791
3.1401080238725863
3.275262564489274
3.1740434939994056
3.1747791444547593
3.2560287986106715
3.2806784076401017
3.1866305286962207
3.1452990155367053
3.2479638802089066
3.062821341614212
3.2484601201190415
3.173695539967343
3.1415165096617383
3.3309278714728148
3.162965028614039
3.2517673312054214
3.5217422813081103
3.3547596408099665
3.2919060007197154
3.1538905045759056
3.263301010456603
3.375657169159469
3.3157550325823775
3.2895292711323765
3.3204831776397326
3.103686568487969
3.2760259320644867
3.387898503444845
3.238284152770887
3.1986434178258
3.283215335695852
3.350052916723849
3.2943481139965556
3.3047948957202733
3.3730898994045546
3.456961882372249
3.2457221465565014
3.350302527151621
3.262450724277856
3.520752410322524
3.202250668380428
3.2982697179665283
3.407124856842645
3.35619270977094
3.321598831432183
3.537810990243149
3.350246820754847
3.453606658414164
3.2736984099652764
3.463188199584406
3.2715876590146813
3.677905775246618
3.3256869857562505
3.3221733961245787
3.3966941334824927
3.279632190982153
3.482938961888369
3.3911570052753874
3.5211203121886623
3.427348053570557
3.358847710266675
3.477484833519414
3.4484243792868736
3.341636958508463
3.3530382311294775
3.379288761559797
3.5027830442195107
3.371612471311914
3.3444968774139854
3.4269468034405453
3.4428392215308317
3.426164700531817
3.4690111619889654
3.545242396083451
3.40084490982333
3.599681098341558
3.4658467941332454
3.396551123205221
3.554656261954503
3.487680362876088
3.4361135052252187
3.4214326146007736
3.4790565308699453
3.456531626806246
3.5208381079771636
3.455520333203642
3.594657478824059
3.569110323523685
3.5383645116706846
3.4406147769009854
3.433520772464803
3.605611440996064
3.426433146850228
3.436282032434698
3.429230332100276
3.5425541206158857
3.559219045349381
3.4447051724474713
3.497007666838866
3.539304456072253
3.401104706583405
3.5370311485256294
3.439209861520573
3.540771301309469
3.592270272753505
3.3924185977352965
3.551965322189489
3.5001498715865464
3.6370289713020867
3.629393570882847
3.5831840447550043
3.564452320433299
3.5000310861400563
3.5184430346420927
3.4821480638246847
3.5793675707607733
3.521871967794047
3.576498080715297
3.535945785906915
3.4085555437573407
3.677790826166823
3.6157505400873142
3.54985373095878
3.5558956600365637
3.677976103680396
3.589354854983994
3.5653299527183635
3.628662395301745
3.5947539704876235
3.4467432176907713
3.529975121875979
3.6083171617255143
3.5319310880947157
3.4935207637399777
3.6566094474423827
3.5093128705869554
3.6168719911377822
3.396151131986749
3.4082417916000796
3.6835864707176116
3.6062706021520876
3.533601629366482
3.6528105052231754
3.627071803690265
3.6967473140357554
3.7969044901728903
3.5281510958735205
3.6064595873872642
3.592041908679774
3.7485798274763047
3.648569952382835
3.6555554732934046
3.5899278053313535
3.5312992361795503
3.522654195178559
3.5117238795653063
3.610374289013195
3.5098795890259513
3.5945907367082217
3.5913294481891014
3.606655594669505
3.6076715382024322
3.6465963967319355
3.603274783943306
3.647438632141759
3.6041819213778536
3.5721822651750306
3.7174046403847143
3.577805503578818
3.6176086747585985
3.6512134630889648
3.606475233867099
3.535712398969244
3.595445270424223
3.647740302303119
3.6516638529009935
3.5152974288363747
3.6030677914125713
3.6123403723317797
3.7214360928897534
3.573276549563998
3.833674402375184
3.6394030685200978
3.593174666454317
3.712193304692552
3.672603823707447
3.683257011460973
3.590855087544915
3.6206747142060585
3.6659388823603574
3.6840692579170224
3.7176588520277387
3.6928450007401357
3.683890458630133
3.6651672895636036
3.7157732552226874
3.650916292543407
3.706327160327488
3.717715132691813
3.5996894863306843
3.6022838507716797
3.59036965563283
3.744509222866257
3.745134593702054
3.784622158095741
3.7160475553590695
3.761720907507105
3.8696640120965786
3.6705758449288486
3.7635948363943577
3.653032838502788
3.621235774729694
3.565050888818582
3.6426715671988714
3.6418898445200494
3.683456642968941
3.8191008335206567
3.8570577002756616
3.7227397573965244
3.7166888009443078
3.7905399792763808
3.777185442422427
3.6227138250915343
3.9912362609982655
3.7556207830654658
3.680175832598318
3.7653140394686555
3.6899037340847074
3.8253076075410384
3.7570593721352026
3.7716417909491406
3.8065177242820623
3.5579644481651913
3.688283425841088
3.7972257791770203
3.6784388534604706
3.73167692874359
3.7725550208396754
3.6987513085965236
3.6138479311895217
3.7180998252933604
3.781870707410083
3.6944521324348187
3.8256110739060607
3.902756412238829
3.792371488473298
3.832697372144672
3.9105182008923225
3.8149716823374242
3.7848117460702015
3.8654311911279686
3.79040831593506
3.7750813970355135
3.872914828850386
3.8187813726483104
3.7904177926621347
3.783884253142015
3.764441004503832
3.885942053970411
3.8374173272550243
3.8672038360614134
3.828456229786142
3.8964411389482114
3.7938344468183907
3.7267823287324866
3.835534215686621
3.852366474494372
3.873752939882116
3.676380697670369
3.8480177183497957
3.705535324553548
3.8345150655170657
3.8640774107725457
3.8277480802500903
3.884913569433701
3.8887778424031714
3.8241546826048816
3.7990878181308303
3.9101237198530776
3.806312535470716
3.744853338392111
4.096819297542124
3.827510363157038
3.846435570464505
3.9564283608402793
3.876015080211901
3.911938884869403
3.9155233007831285
3.959353075069159
3.8872850491492583
3.818136105217036
3.7819905367196016
3.9295407813976726
3.8859574295000936
3.9826561941071366
4.0040208596103595
3.851060061700543
3.8547065663985047
3.8376433725352666
4.14752696589616
3.939610298909847
3.8470738600104624
3.8505513165000393
3.9331084484336456
3.8751053269755387
3.8624497484184332
3.9304913425028625
4.048162330255715
3.8157235437200963
3.9585675215095733
3.932250428517952
3.840155288199922
3.977802950283705
3.951983562823654
3.870555453293893
3.8672953105115475
3.923968245343464
4.032193504606476
3.8219871653755635
3.8339072168559123
3.9620304792310255
4.099958214351673
3.983459641513219
4.044306321677337
3.9331322641785222
3.9149314721937394
3.891330850766213
4.000759310125482
3.946242526166734
3.9551368441605863
4.018056141249441
3.96818572773782
3.8655779727087887
3.8809296168657803
3.8599382953823738
3.901481781640033
4.13625497446047
3.9592931466447117
3.9414773030155987
3.9777553941157904
3.884978704061916
3.925214027842782
3.968522238830131
3.988071528547544
3.935434714089985
3.9501698414301796
3.9553073786175093
4.09881503577612
4.069759882105368
4.113199151226084
3.9822798670023967
4.176166531296847
4.059285003196464
3.9157065534942777
3.96567748600143
4.055376280303162
3.99086290408651
4.104290216461722
3.953092111512038
4.0884786038370216
4.047988951672512
4.119340575624599
4.047520017327661
4.031859624347432
4.001803832453514
4.089268708689883
4.111036922544365
4.122901423592969
4.105686181270742
4.070226184574624
3.966270299370367
4.018682460054186
4.119002345735117
3.9318074308887803
4.044033295319369
4.027327213263216
4.008401720687315
4.062443225108365
4.024844864245335
4.0114315519451385
4.181775755669409
4.1014287490972
4.118095366130817
4.097402310349455
4.031206129280807
4.050919434413129
4.095799871265641
4.1049664155492245
4.153071845285474
4.019446647995581
4.155683632331458
4.152689187470746
4.048826750664463
4.110512424711253
4.137148022596813
4.1309484548959325
4.138833259801079
4.0315280367139845
4.07641460475316
4.119156810143441
4.098279190348745
4.104997528296048
4.040606310989689
4.1833186888003535
4.048292452050308
4.092470084035446
4.060943402949973
4.085442718250435
4.090635159407351
4.196938583832209
4.198689838515631
4.064065739245004
4.067399171163451
4.080021438980453
4.127275216870192
4.187273291635228
4.1310419139914725
4.156640974596465
4.026702091324126
