3.826462983471393
3.5191844417935325
3.4123043136400297
3.357858523438796
3.300716853970266
3.2574264328145306
3.2329758296755444
3.186962378071082
3.165719956197947
3.1398163722442076
3.110998161357649
3.0858312110336286
3.0623236150508375
3.046280403394957
3.0259104339619247
3.0119416179804266
3.000255744276206
2.967081442149296
2.9561968043043807
2.938237275242652
2.918194694408579
2.911801799690708
2.898474748223598
2.881129177994403
2.8696791447574412
2.8533201684055793
2.8432751966105774
2.8354631614807797
2.826431551495114
2.8154827130807414
2.799097578497927
2.7947679366844502
2.7887616851001478
2.7761253340977654
2.761880990928051
2.757005563573948
2.757209536651847
2.7497309753179855
2.740808121179215
2.7299635674195555
2.728384879258302
2.711918358943944
2.7083190322075725
2.7072153508739887
2.6982700020803603
2.6860082295257
2.6817783996405287
2.6666591879330395
2.676321472747292
2.6730201173779893
2.663083252606091
2.6627453696006667
2.6551342820568893
2.6471695829389024
2.6447926316328796
2.646998739917613
2.631185972245657
2.6236723532547823
2.6210303914132727
2.6140735637267123
2.611072706593203
2.603754758221149
2.5992350719456816
2.605081134474569
2.583105107992312
2.5896100008349623
2.5875831264019626
2.5742157005742095
2.5824021746906687
2.5794387517288384
2.583614844152826
2.554284961834224
2.565005217279707
2.571989005750364
2.5617467161924834
2.5513845361491123
2.547332427983425
2.5528437710790253
2.548515138785658
2.5536056431717546
2.541770045514886
2.5371978467035476
2.532126288616519
2.5306591584108666
2.532080154314618
2.5319880059940627
2.5242276467871942
2.514862520354135
2.5160601883167772
2.507299574952635
2.507565135661239
2.5062471622052187
2.512571967093027
2.4987784682400287
2.5045831128283664
2.498234965472915
2.491586834000498
2.48787307018172
2.482340969020642
2.482932703989046
2.480025833024328
2.478469714081272
2.4835121350859124
2.4805261495030524
2.4668184853275155
2.4633754530161656
2.485873361198445
2.470471650477082
2.4687693106775273
2.469448423753834
2.471835714202743
2.466941152146731
2.4566576069693156
2.4591164375670935
2.4541178667100394
2.4490720300600795
2.449727612265902
2.444745041382052
2.4402819121666397
2.434845887402617
2.4425454813234286
2.4319381548170877
2.4211939151376063
2.4417362354283476
2.4247153710521174
2.4275487368324704
2.4275452427882485
2.425087198634252
2.4238649640457663
2.4166919908928595
2.4204149513170985
2.4228341524205153
2.414022044172005
2.4214260815960404
2.404167751087645
2.421072058082394
2.4199514040768992
2.400176646933439
2.418113916537016
2.4051896827714936
2.394375262573419
2.390779822182625
2.3981814432021427
2.3905201464546235
2.384004369358912
2.38902848889929
2.383374058295094
2.376757578806834
2.383947904505785
2.3810582424836424
2.38285476790125
2.386309487018806
2.374232734185542
2.3764913956631104
2.3774116838607395
2.375233283834568
2.368786099948171
2.3743646218509746
2.3757051939823146
2.3653743230237922
2.3785362077956034
2.3743465244386495
2.3552210714519406
2.3681885542556587
2.356501499658386
2.349457018163674
2.3500911548177554
2.3740666820889427
2.349399737869911
2.3572728386870376
2.347286099479312
2.3534902924889916
2.3670865122415843
2.349607966427944
2.3431291426777685
2.337079233184284
2.3408521053260203
2.32982104932326
2.3304829167890118
2.3376061443809992
2.3462403061460497
2.3440228217356913
2.328051672939168
2.333283313146122
2.335139800222684
2.335467847924742
2.336904460092002
2.337284073559627
2.338816578323777
2.3269270635479664
2.3322629723002706
2.3313861846003294
2.3207939131379587
2.3250113105835295
2.311626969617306
2.3217772595210424
2.318645227523077
2.316012532861383
2.317229156175022
2.316099746653779
2.303417177120538
2.3157944805066712
2.316904419637555
2.306712233882153
2.3119379972398972
2.311118547674005
2.3014095555247795
2.309399825265509
2.3062502578418687
2.308307070836444
2.3080425598446466
2.301111131407886
2.2992377884139423
2.3014539084379275
2.2987648047688998
2.3091207506420375
2.296102958449679
2.298709001166787
2.298278560816398
2.3004289317775415
2.2975718723454226
2.299850347112658
2.2926786700731077
2.2830208562976146
2.2954679698404044
2.2821036885603974
2.2897506734425805
2.2810540239169637
2.283756926713303
2.2940849573609143
2.2952429633036235
2.282796176857623
2.2882421098007044
2.2763255469433896
2.2728984813125592
2.275649198847541
2.28098029197413
2.2831669123783382
2.2794703826634275
2.274200865047165
2.26973181356948
2.268037935634991
2.2766240270594986
2.280816520809974
2.274727759367404
2.2703110596388
2.2597493631345733
2.2702071709675833
2.26133051449421
2.2673958068955664
2.2560197590554236
2.2519566488081884
2.2672038438851003
2.27426283178489
2.2605061044717543
2.254398903944931
2.2658584007425198
2.2543087024025934
2.2664674764434345
2.2560725970004363
2.263152708571543
2.2548141599161746
2.2593250446491413
2.2556009800431043
2.244270947602418
2.2498332671677286
2.261619649645291
2.2501886375775824
2.2480621184468115
2.2529991496944057
2.243887888878929
2.260394739675092
2.2392673225476476
2.2442594941518483
2.2638971104431644
2.240977691253947
2.239768714671583
2.24056144448014
2.240980567005457
2.2319090341815926
2.2314331373499474
2.238611790664408
2.2300378529108014
2.232079392541176
2.2285248328053044
2.2367301522688208
2.2264477467138026
2.233235629368933
2.235496609981149
2.2233212649285257
2.2337544920208217
2.229979454013525
2.2373817465633654
2.2346208308807824
2.2269362573304536
2.227506169788012
2.236810459746971
2.2193374267109265
2.2230588696331286
2.2207569680158694
2.207021287662796
2.219966627609469
2.214299176343773
2.2175334799397097
2.2191566790392963
2.2136992386409213
2.209390548358706
2.217826749367143
2.210787418112638
2.2096659118451054
2.212452348288115
2.205347271039219
2.2192305263558563
2.2149038532679297
2.2051391043104567
2.212941485175448
2.197746963728042
2.1999151338481533
2.2040087576845284
2.208393383517075
2.199202031549186
2.212842321764088
2.192405623818917
2.196369058377034
2.19606343782393
2.2025880256674926
2.2006630515499923
2.1952780370086318
2.2017330715248176
2.1923744799701095
2.206842271671025
2.1932778117586134
2.1923663677549423
2.194031109527578
2.1767111361563742
2.194224802837102
2.197395860151588
2.1874705648176764
2.188671093803268
2.1926651257192153
2.1890662055524928
2.188893099242349
2.178284249250493
2.184886856428905
2.179591444775251
2.186419177853156
2.1721182966477777
2.189631584988598
2.184237581115585
2.1767160869473194
2.1731758826487773
2.1791134699891432
2.1747884667518056
2.1739260538204297
2.1628894546624164
2.1720560468455234
2.1740895285722988
2.167391730858399
2.166460079576058
2.17110783437044
2.1657591892485453
2.181322965075764
2.1548159664048496
2.1690113343480624
2.1604142471323295
2.163694398897188
2.1602211121273163
2.164017222255967
2.1536025953415585
2.1488694093709135
2.1485660066936005
2.161972056944858
2.1567549736189875
2.1523026088336565
2.145287031679387
2.1483273817612245
2.156362844556762
2.148874762282255
2.1524777191486137
2.1555860932422575
2.1390380113741605
2.141561386361239
2.144685592430439
2.1393013626452118
2.145389709540162
2.144799235397938
2.1558153055502793
2.1362768565058863
2.134129246996483
2.140230893475055
2.129645958523646
2.1445227194016505
2.137198796757093
2.1211869423607297
2.1362873838981913
2.1389722118353136
2.1307923404099554
2.1222369684675946
2.121433042651438
2.1283231320068183
2.1236752043052682
2.12568634265178
2.1147796506280296
2.1216196851227123
2.1222812337764903
2.1253597797727646
2.1139705546267398
2.1119359444774104
2.111892872028523
2.1108868807899444
2.1032123699151413
2.1131538882985845
2.1093151265589887
2.104103257143666
2.112475186701447
2.114057256448223
2.101585169556518
2.1098314736954187
2.099651714549562
2.100534081305623
2.1046177650510574
2.0981027952645888
2.100662684655404
2.1020073758742677
2.105964438795583
2.088858948250995
2.096421603683953
2.0893565486910415
2.0951152869633267
2.096814592525919
2.099807581232628
2.0853492171914727
2.0987371241570747
2.08672360655884
2.0937532140481427
2.0913780278680867
2.0943047853050083
2.0989493702369306
2.093230601750132
2.090029216794587
2.0927268375607837
2.089228046293271
2.092351371103579
2.0865135386183455
2.0779339507739976
2.0760440946085574
2.083410585402215
2.0826115612818006
2.0785563004369747
2.0880920265632246
2.079069171939884
2.080797510871249
2.088693900304718
2.07247700853851
2.0749205001072535
2.0826812861355424
2.0788242356657523
2.0735350953105796
2.083119665333663
2.0777881430843164
2.08124299169047
2.0826873052074184
2.0723699866728125
2.07553214962418
2.0682382632713368
2.069426758869274
2.0666810858663904
2.0769904689285594
2.071143601852034
2.0784616277024552
2.0729497730962096
2.0683273814973377
2.074309612333084
2.062648401143775
2.060714778139171
2.0854362447289425
2.067298205356033
2.0650223700696437
2.0670269169248976
2.0663333809053577
2.0635640271381983
2.0562044497162217
2.062166067931029
2.0740202525714495
2.0644520671518
2.0642215817437974
2.067095497400144
2.0539472231993803
2.0620656274307034
2.0575701736268543
2.059192494689421
2.054145418385588
2.0493156366826946
2.0580835696813224
2.0562436229320413
2.0552610579297963
2.056879530081878
2.063526855779277
2.064199168863137
2.049148161899169
