6.489413095103575
5.633444529549342
5.339953466118379
5.174289804627997
5.068474921173724
5.0047269425950605
4.9690899272069355
4.926638383509416
4.913122706124835
4.922370293886045
4.913014210022248
4.911136150053262
4.903917334101221
4.909304780849618
4.902815742689056
4.906313200254698
4.9040644405124425
4.912343921808662
4.931606688554683
4.93376281669548
4.9286467338620925
4.939991534293235
4.933554114829006
4.929885917648845
4.9508999532407465
4.962726037628095
4.953702686682938
4.950521140792041
4.967940769907437
4.964426029602993
4.974322319030762
4.9793811114445
4.971557852844474
4.985607833322257
4.96921714637884
4.974979365654433
4.991076431986294
5.000364085728904
5.007482758820287
5.007430043459859
5.016411593521884
5.01639006159327
5.021805671804813
5.013671292608156
5.022760170306938
5.017457514042406
5.02406628190167
5.023502781891302
5.032881410272272
5.034476614059782
5.032164838169839
5.039875773082522
5.033339459923703
5.045734121379091
5.047480033938336
5.0393354091865215
5.038730704799735
5.044147963382716
5.045345917018071
5.046475546700614
5.051794529574872
5.050982804218621
5.057679845252706
5.062970144868357
5.042098106718124
5.060873842914439
5.062256149036697
5.06027043648208
5.067521294111451
5.075853750358984
5.070922579084124
5.067267976365648
5.077767826261974
5.072605344779703
5.083188791532774
5.065134472521729
5.0734788564488085
5.094313385864022
5.081335887025222
5.097751792946991
5.077149710293135
5.081407949577734
5.085037173144759
5.085443605327238
5.100010069180639
5.0977215061163195
5.077654791307879
5.084475901442912
5.082819533624244
5.078485147066251
5.097712231418801
5.09219014537227
5.087501530174737
5.08857739999641
5.0961954713328
5.093732210966918
5.090881808537468
5.094739189172497
5.096740450791564
5.096295359205248
5.104730696905227
5.101821361821591
5.098448835591398
5.0940253725383275
5.090870290189176
5.09001991831658
5.109608604794457
5.1109732875799425
5.1034651974760274
5.101405992471113
5.108164572500968
5.093457817877889
5.097886406470143
5.090102889823177
5.089234911183439
5.11023253240794
5.105957079117823
5.105878672237715
5.1117470825961195
5.114719701396299
5.106762631979688
5.0911418326879865
5.110783518051089
5.128285278531422
5.105457461171782
5.11048445400891
5.110769934635825
5.112886620304299
5.118846782232651
5.114466891785846
5.100682615773558
5.111425201558392
5.119401286160777
5.121958788450773
5.110225756042559
5.121324953425344
5.122468332833152
5.105148612455665
5.123227293120081
5.117038514469888
5.107389350041767
5.107116062208492
5.129272182935914
5.119614493739498
5.114706009357899
5.103396754467349
5.111227091981944
5.113432097465682
5.120171578234227
5.116414430365446
5.122939987992688
5.129423383887056
5.106041409334161
5.113229357597911
5.132856929317557
5.121994642677454
5.125327057513184
5.125154918071693
5.130735704183885
5.126734585068554
5.137931707743052
5.129208539597009
5.108782285275453
5.118813230570986
5.124547579113581
5.126998188259365
5.12495469985628
5.135039338120469
5.122365691333511
5.12430460572703
5.127858398810623
5.123063143922862
5.1390365179594575
5.129037447110719
5.12165168445543
5.120382485089001
5.130753436143794
5.121631335107516
5.135250221655022
5.138556187677567
5.153817828557666
5.139970892951602
5.124890978578742
5.14108335465538
5.124120766284997
5.138724210486296
5.144115563985464
5.134694547419996
5.139310140253801
5.125547087484038
5.140818888616378
5.132058197006756
5.131233911256532
5.133898885400446
5.131466466641027
5.138384527527995
5.13814994389793
5.136894455594292
5.136936771363366
5.144169857142975
5.1373030602395
5.144067386249164
5.143134010344398
5.136310125716712
5.138002873694421
5.139377190186097
5.141620226655074
5.140870935054666
5.145494910280677
5.14038795608658
5.1648877357424
5.133537675423051
5.147064439118139
5.152734394392605
5.148894071272134
5.156805443487572
5.149274979472314
5.1522698095559765
5.141952254443862
5.151239660869387
5.144198450802836
5.153088464700117
5.136359890455445
5.14428998512651
5.151875970906732
5.156517543694534
5.1558573764570275
5.150263620005918
5.149156240883021
5.160381547886126
5.163203392863427
5.158818586759432
5.16512207389645
5.1472799989707685
5.151901171474383
5.156285886138562
5.157050465985154
5.1534242059273145
5.1619124455494925
5.154257331882511
5.153528171770054
5.151277110690162
5.14930400210151
5.160607518376531
5.159339285571909
5.152236151112246
5.159226073875083
5.1705369624085105
5.152817210635623
5.163148430783776
5.149610785136965
5.148128058459307
5.165582650109761
5.163535860667971
5.154337391429887
5.151573060869096
5.165342832931067
5.161124918605063
5.174300353959721
5.175683939012014
5.171044596373805
5.153359425420773
5.173921414477178
5.164170174371629
5.16074901381975
5.168250483435553
5.164055281777793
5.1687564365038385
5.1578388122057826
5.1593069968843395
5.159561812033831
5.170417373858517
5.1597288707355125
5.162899473919372
5.1849190473863365
5.168458940439703
5.1674823503236516
5.16542082863885
5.15656480948744
5.155970264739205
5.160413102600412
5.163791398130635
5.163018183051543
5.174925194130288
5.176973733202371
5.174718704616394
5.172399610472769
5.176019117485449
5.175528170365931
5.178453925953868
5.168621254703713
5.174556932854376
5.184600219456539
5.178867202621323
5.177284224766716
5.180757154982676
5.185227883828653
5.161516531400546
5.174611481306942
5.174623906075418
5.162750471819629
5.178681439874715
5.179572553401441
5.181164739675043
5.184541667903866
5.18112378384309
5.174962977798442
5.183354304103777
5.182169053238485
5.182378885522005
5.186266184159995
5.186550731978055
5.1900808531958775
5.185821897735006
5.196255486290734
5.190699751005823
5.181863774357309
5.186860315281145
5.187349957081955
5.189897082487128
5.193129803376462
5.194275779306812
5.175689100145219
5.191225939275675
5.19262187852209
5.201746515939288
5.192450171118384
5.195991370055053
5.19950515791256
5.185249180713982
5.1994562216553755
5.193449958717808
5.194412500241548
5.199461268028544
5.1793195731851585
5.200264646586611
5.1973761560987475
5.197562658955539
5.196164145279422
5.2075509975929215
5.194967880519047
5.195170729009955
5.199944448900652
5.204419523899467
5.197023612652046
5.21030940052165
5.202562721846493
5.211758292626537
5.199365926371885
5.214687044862922
5.1968536886315855
5.208107821883075
5.205738454251676
5.205618406047845
5.190200122627052
5.2093152828044715
5.206170182737451
5.201010604009052
5.209928777073648
5.218714755781216
5.206887294273425
5.213207447390759
5.199489968470472
5.2161371127979175
5.204013207704405
5.205089350618144
5.206742961127479
5.218730266796883
5.2122221416488115
5.2150249383010765
5.216165654907816
5.221198412749144
5.213763087259143
5.218930053588199
5.211434723941209
5.20699133682742
5.215177950865207
5.216620334173569
5.226287128689052
5.221393139052422
5.20904219748891
5.220759169628875
5.2232339158174765
5.209934397860691
5.2190351461658455
5.229206509264893
5.233168779959857
5.221191447980923
5.21919616983971
5.225275742347943
5.2164349997826065
5.227588784894121
5.227391954247709
5.214215880041724
5.224014838843425
5.232228201788825
5.223002824083719
5.230710114291276
5.210078526034165
5.219942149354991
5.223306419613125
5.221137330952452
5.2274068178203885
5.241401505439591
5.238310121661447
5.2247361480192485
5.22589381719955
5.2252834472263485
5.235966773873898
5.225058256122289
5.227091661598078
5.242428744621718
5.230444020132607
5.225679881784447
5.239019995950824
5.234866527670292
5.224354734138479
5.23755136880175
5.230917617007419
5.232105569949942
5.236976434518625
5.2326749908417804
5.25278682107324
5.243809295590473
5.245056000762311
5.233792523466328
5.245642222032584
5.239795016506004
5.246771136766235
5.244293068059776
5.257798739228316
5.242423326966079
5.2462690843118205
5.255704779729267
5.252430556823849
5.255653302181641
5.258635584145132
5.254005394080124
5.263557713924688
5.24991293149872
5.259342922667279
5.2602519418281934
5.262135402576344
5.2472566846408135
5.251383310119158
5.243297994213521
5.254352336991555
5.258968020037795
5.254626804950768
5.2586680707477385
5.258052463850613
5.259674618449758
5.259466343711549
5.256639051007795
5.256265831116391
5.260009828835074
5.255139280316759
5.24798617123637
5.2646481883418454
5.257941572515814
5.266190962748484
5.26812660433304
5.260536656569943
5.266245421602306
5.258740612899015
5.261898004563772
5.258641330124942
5.268028489411107
5.268706875264721
5.266264339825055
5.2652656949164784
5.262554265664198
5.264580721100325
5.261839557952095
5.25921411403818
5.283839312299338
5.267885389782133
5.252950977021049
5.261678973066608
5.266356146627104
5.267696369568814
5.254810811930182
5.265315873895986
5.2771480528390855
5.268292498864723
5.270691106371591
5.2788407480394515
5.262323621310476
5.2739651709449795
5.2632187121623275
5.266710698067605
5.267038487713003
5.262191343491602
5.266347029034235
5.263814167626576
5.26770425241733
5.271715986529219
5.279427957964373
5.268843370361525
5.267013769505721
