0.7267821247761066
0.40263267205311704
0.3686859829303546
0.41292493924116475
0.5218671499154507
0.45814894712888277
0.4051429766875047
0.49801235856154025
0.746248796964303
0.6718278939907367
0.797432080293313
0.7599361263788663
0.9917676494671748
0.952185890613458
1.2562050146934314
1.517025073369344
1.8577449230047374
2.03268471130958
2.77381907365261
2.5352008648407764
3.3050138094486337
2.5105624749110294
4.28367979098589
3.7670170160440297
4.3594871912247095
3.861102208113059
3.4338198869656296
4.2251087090907955
4.43299572284405
4.1090246469546585
4.344072623130603
4.006821351173596
5.000011236239702
3.4532267925066824
4.619019924066006
4.909499828632061
4.558192412058513
4.835557729769976
4.4041972160339355
3.9134735572032437
4.512359778086345
4.73583102837587
5.120390720856496
4.6287109179374495
4.753491047101143
4.071029864824736
4.649272295144888
5.078430762657752
4.424712645701873
3.461478875233577
4.804697012289976
3.619796227186154
3.777140831335997
4.642894830459204
5.488813754839775
4.9324062298505735
5.056296470837715
4.869813381097256
5.445955362075415
4.539848951193003
4.453633369543613
4.98048377648378
4.8857718125367775
4.533640274634728
4.46893371679844
4.532730469336877
5.354365312136137
5.378297940278665
4.882546278146597
4.204530251331819
5.183119223668025
4.208377190125295
5.486693602341872
5.519675927284436
5.221005977728428
4.428414723812005
5.221515643290984
5.195146267230694
4.770150025685628
5.303806243798672
4.68298880259196
4.428907308823023
5.374327060503838
4.133966604868571
4.756375581790239
4.874325703351926
5.201474422063583
5.243944534888635
5.270495769305107
5.287488301595052
5.36413609675872
5.506544431050618
5.199013074239095
5.068247587252886
5.367500488574688
5.073014846214881
5.274862264975523
5.196297547756097
5.004838075393286
4.597514935028859
