4.029115085248594
3.746601661725601
3.6764678642620727
3.5897429913197487
3.5317819865680486
3.479605869010643
3.4395311211588715
3.3679399524319207
3.289823972261869
3.188888007759029
3.0972954228393035
3.0419668750545577
3.016962162789456
2.9719900283378755
2.949882537211448
2.879828124983698
2.773526282052369
2.659669968137714
2.539685061514547
2.4572104857518124
2.3614311075618124
2.2947693523178754
2.274976902198248
2.224501181192208
2.170884030496972
2.1191039883513056
2.0921628855572125
2.0939654607718485
2.003686771773205
1.9696924659261676
1.914951031364267
1.8792985144503775
1.9103496923745527
1.8247724910746952
1.7942483323252099
1.6949661301072168
1.6947053168234323
1.6760937406806184
1.6232614992690562
1.574941971702793
1.5357573922203478
1.5084319238649135
1.4430863162730834
1.453668240128759
1.4341383029592683
1.3858722546841005
1.3434083329306707
1.3835407831729987
1.3564294865328361
1.378398660241369
1.35521174733795
1.3165126665365323
1.3567244267871237
1.3462750760578361
1.2591550163394025
1.3168007305205038
1.3179162759386915
1.2431174137993077
1.2622671680912334
1.2349728800971964
1.1989710004920633
1.18527432384654
1.179468728708066
1.2233928776534535
1.1390818104445086
1.1693669469268233
1.1174656010081625
1.1557302529316003
1.0997882371614462
1.0158628841750643
1.08866699740418
1.0716887936632857
1.0910581289193568
1.0366681204562174
1.0707276278411562
1.0546951231114206
1.0334922138102713
0.9945161194882841
0.9990864484398453
0.9811428982308108
1.0047748061666462
0.9459902355473945
0.9846022431327407
1.0043633087747796
0.9727169710007149
0.9291613441586835
0.9851860512695422
0.9819867546402151
0.9275729126400418
0.8879310458134382
0.8929936598848414
0.888753054828046
0.8746274507623113
0.8600814294950915
0.8797355275548082
0.8465152318321402
0.8679671659428849
0.8901556547720548
0.8748521040647458
0.8288363807561391
