6.959943548566596
6.049628513151424
5.794571258403637
5.477976498780428
5.22289598225868
4.9905936697609405
4.8144057537415765
4.627820134502531
4.509775740468604
4.442747537906353
4.4239995662982645
4.374686623570586
4.336136628419925
4.298317973769968
4.269623696634233
4.21752599773244
4.15843931833903
4.0934505666423044
4.019499021377999
3.9656000877717283
3.897764622316062
3.851593685965253
3.7940438839784716
3.760610938411832
3.710115442248831
3.667084065597621
3.6184847517910166
3.60009313580657
3.518081878325199
3.4675851601820726
3.3985669076272904
3.344315792420651
3.3220577722261435
3.218439335157389
3.1639810301299787
3.0583967299882504
3.0183767321442607
2.9746410996146353
2.901511193680288
2.8472898896263534
2.778134912507147
2.74419408306437
2.6577598960311324
2.661413565320507
2.631589490124303
2.5761204611541877
2.5194156828768914
2.5265149611693163
2.507607645119018
2.5202442750631913
2.4809987901622415
2.438883618751482
2.4779846043328613
2.465434052665689
2.3682496394866552
2.3989007011098398
2.42038572853447
2.3243259979449107
2.3426486297889992
2.314632202485348
2.240847122974885
2.2301329764885103
2.220604699561399
2.248515829401478
2.1739700003566904
2.1880305224334413
2.126699952658085
2.1680230272461545
2.0975328894422263
2.003636030390052
2.0614014143957373
2.0373106281302253
2.057352112569021
2.0047395861046944
2.0392734562909163
2.0156058320971977
1.9842575564343705
1.938283707681205
1.9447501986115068
1.910836127408889
1.9421847943227175
1.870731876107023
1.927259900291421
1.9303103444243428
1.8862348930788175
1.8454340665768354
1.9035340330199977
1.8939776362856569
1.8476530758403984
1.7877114793853541
1.7851921323357824
1.774516335919372
1.761640021604011
1.732335092335345
1.769164791813603
1.724375736339819
1.7510179461237372
1.7576063423075228
1.7436078623828726
1.6873233158703882
