0.7322723928649547
0.5904282573926247
0.744163131814892
0.19219802446284537
0.16124191103597818
1.3307615564031117
0.5917985537799738
0.6824814290818522
1.316360349877406
0.951386757573839
1.223010153588602
1.452879804675862
1.793167867902982
1.7587582206321974
1.7513427794989893
1.5900569780398224
1.5049485094466453
1.6400586811162658
1.287678376092749
2.042336195707321
1.795460241325831
1.8260452227067139
1.8399832152714164
2.002794038946346
2.3375654129658714
2.2901415481405745
2.987998795711388
2.0936334340249076
2.5787973611031547
2.1858756047184182
2.6131139892642783
2.2218521484884164
2.3377640646393014
3.082373231144275
2.011404967409069
1.704467404696901
2.87263231156236
2.865132935471454
2.7859617148415516
2.933067258131706
2.0335946618500405
2.6274394716246654
3.1022942773366378
2.133976755000777
2.6267520744921797
3.6360710020792686
2.7325536896616724
3.0438844056452736
2.9625635753243658
3.5720072984695435
3.081821368912519
3.546004973225674
2.8187769712027855
3.134350099806058
2.6802521640971557
3.1545004683025812
2.79005049345857
2.4260757656420693
3.0778974890708923
2.860789628352149
2.2739028506359813
2.9076181983543656
2.726084645521843
2.9146146279270364
2.9265667589034066
3.1197292289491427
2.931900111295409
2.8810631228705583
3.0993400913173867
3.2673089423422086
3.2475844530735984
3.0509430038726935
2.8474916123737724
2.8870639225183905
3.234835969189466
2.742493328401598
2.891041281869856
3.05972570433455
3.100492433976319
3.1032129576650718
2.860739869081368
3.1185726119300066
3.042598563230644
2.2391238980374095
3.0679018376237255
3.31459302720377
3.374737616312706
3.003059652902312
2.9310849526170957
3.173154931957439
3.0280983917793987
3.1766626168105563
3.1270824569766806
2.8067262273723794
2.535091175366256
2.994315799515126
3.032930269079693
2.8348945950047444
2.992877372240616
2.9644972404180945
3.0354788631705913
3.538508709204399
2.912050233554032
2.935922589847597
2.774605179742231
2.892191099413371
3.3831928685560064
3.6662354186429815
3.085651972536313
3.290564075364905
3.309965931763083
3.091916929362184
3.286877569505724
3.3051255244319724
3.064605453256833
2.992088309789108
3.247822143263736
1.7551649273452112
3.0788920996552807
3.0432058845536183
2.9854066043587055
3.1566798939543257
3.583055476010856
3.3510328420137956
3.337665875079268
3.190333870507903
3.1351431709224893
3.1817796609159243
3.4639418781813927
3.1803080247620406
3.1324973338741366
3.1930329638012385
3.4194052552772782
3.1228668033066445
3.179802486452006
4.030939111265085
3.5148715962797907
3.175787534754155
2.776162871869944
2.9540310734409396
2.365295759197009
3.077523433555991
3.1619880542916765
3.299028204659284
3.075060117042671
3.7571876624883234
3.0761814188149015
3.5762641955230197
3.267037216889656
3.4284207113718583
3.3264055706686895
3.6207220170457486
3.444930464534436
3.0280247987326927
3.598851302922782
3.201309868844889
3.3961963896024026
3.9434921842510415
3.35621653977087
3.5369741209482743
4.088613438404213
3.231271163891938
3.2031785623501925
3.274957415411028
3.093242599802502
3.181890980672028
2.8391805038613787
3.0970300516839755
3.762839136487347
3.544830603114629
3.326523259534674
3.2750897478249112
3.020349280308869
3.3718497349044023
3.5437404695203747
3.3442175539873413
2.9793347039465177
3.2767674458228937
3.2744684593152193
3.531506168640266
3.2419371524099576
3.621204809617188
2.9944781671136114
3.0704038688691995
3.3360504740375583
2.9975700903747042
3.3200964574086465
2.8723226108793485
3.574573284488613
3.416585876780041
3.5808940358081105
3.6067395169856185
3.4146189194614602
3.2579485087071434
3.3970502665487388
2.846565096055047
3.7784168871782593
3.433655731758829
3.2912164724479287
3.1985586149207617
