3.5377047604534697
3.3624984627613217
3.3499367198054046
3.340600730159758
3.33189245993809
3.2924367806680173
3.1675192875497125
3.012676359052498
2.850687606677236
2.67568607228826
2.520525532182591
2.383603889826034
2.2818706958839456
2.1946216772874263
2.1253755859698225
2.0708904756759945
2.0230203447798654
1.9757405896680647
1.9267739002401107
1.898997897063422
1.8566600702065599
1.8134300675101325
1.8013772028077102
1.80999797521631
1.7665258255153224
1.7453350767560343
1.7327229798547665
1.719826214000235
1.6933008869602892
1.6829812684314835
1.7259276927225033
1.6599847210073295
1.656938299262226
1.643692112388642
1.637495494503688
1.628626128029638
1.6197586427982158
1.6095044746586304
1.604093348496867
1.5982473250836853
1.5971485777951342
1.5970840748343076
1.577030847807473
1.5856816968222989
1.561700793792125
1.5717683689934867
1.5649828094953988
1.5625704105789429
1.5448272715227749
1.5467636493010644
1.5443822854959814
1.5365981053876623
1.5301482055795226
1.5301001483282495
1.5319439617278778
1.5346067167431225
1.529986023902893
1.5269886427027155
1.5056239554397015
1.5153446938237156
1.5154520834853695
1.511121687955462
1.5060343287589362
1.5150137286277956
1.5054526674030162
1.4946503946637697
1.4927594307451721
1.5031885791400685
1.4971834266961621
1.4879964126996021
1.5025693159634297
1.4753084353038244
1.4888414866212836
1.4916728302635134
1.482825911001158
1.4873539279632475
1.4641968697443684
1.4739729653017666
1.4830986024705886
1.4744902688169694
1.4605100309072925
1.454943736605697
1.4855303489620257
1.4647636584849129
1.4594299932556762
1.4671585586194957
1.4741020793559558
1.4466918670296718
1.4560769521648456
1.478749637666219
1.4553288664917354
1.4451914888105577
1.4349170100039943
1.4522500947221497
1.453881185317303
1.4528704731375577
1.4447952160033055
1.4457493189949506
1.42299675853634
1.4406030179045994
1.449811005514272
1.4317659654433836
1.4369255961622316
1.4283763413247739
1.4322963970096882
1.4338700314598694
1.422996835292874
1.4375514475185756
1.4267163567010175
1.416541382322729
1.418356393918706
1.4177233477230204
1.4225955279303826
1.4124835678362915
1.4194718650555542
1.412538942576333
1.4218984664194028
1.41745217999034
1.4106599732202632
1.4113351512140686
1.4265134231116114
1.4076308382128382
1.408569789303652
1.4094797088091753
1.411720112948158
1.40277069985159
1.4037837290490596
1.3995817438335239
1.408429375667822
1.402932530048681
1.4069608150326811
1.4031533236099567
1.407979498327242
1.405793593206027
1.3977091876005374
1.3969001501640042
1.3931738311669595
1.3978078372645368
1.3988423425547178
1.3963282731435263
1.407119662020961
1.3867869592815747
1.3948103238264655
1.395859801056831
1.3969642140071898
1.3897815605826032
1.3940513028114778
1.3888710285618908
1.3984172275892985
1.385702423516522
1.3800561365610842
1.3812912161897744
1.3855405434496424
1.3863468420246903
1.3917335975477552
1.379751310844281
1.3773885296350417
1.385348605929073
1.383811119121945
1.3792633863438166
1.3870796755694288
1.3806406661861996
1.3722986048769863
1.373467163526275
1.3760160175054912
1.3745010834807896
1.3935834338710877
1.3740111921978349
1.3735462855082576
1.3970304952017167
1.3755178879725363
1.380752730091429
1.3797956531866622
1.3779223431000884
1.3607116834433217
1.3637095373573724
1.363376099971587
1.3751877863974147
1.370549183764323
1.3620515935644477
1.3699300157892085
1.3668409941677573
1.3582676611276518
1.3711680878492052
1.3634983202838233
1.3714746643762046
1.3618354947411815
1.3691673970495732
1.3677493914980114
1.3527051706661517
1.3656442301516352
1.365114435718238
1.3551411857333673
1.3712084469520016
1.3649349771851749
1.3608442781111085
1.3501247973457693
1.3667221421401032
1.3603561592063014
1.3554806646830324
