2.650311960613579
2.5200864143865287
2.47312529710172
2.4433431085548096
2.419473548990672
2.3992556827731097
2.3873501655480096
2.3717649718242586
2.3619230604590835
2.351182345035426
2.3418100993523208
2.334303811996677
2.3266089861647714
2.321284061370297
2.3126305831395904
2.3111763753799104
2.3036551838633255
2.298789447365009
2.2951594496665004
2.286198752919451
2.2824147566942536
2.2811413746563463
2.2759669012962576
2.269808134581475
2.2685529441352066
2.266828106822365
2.260249669309475
2.2572272682586547
2.2526859312621594
2.251224494566426
2.249101580112755
2.2455641109253546
2.2418070765007543
2.2405174641883367
2.2381709480801257
2.23547541886425
2.2341672373064614
2.2327918359684604
2.229731450264479
2.2293057037215442
2.2259212350983657
2.222863212939423
2.22038548407092
2.219986311915094
2.218171480263804
2.215626450352926
2.2160582792994465
2.212953018609
2.2108016927166068
2.2096216312602928
