12.416214655746113
12.096864554015072
11.657242422754114
11.545875646851279
11.300561677325856
11.236036712473089
10.978906777772037
10.954081177711487
10.878607159311121
10.747400803999467
10.356067955493927
10.762201802297072
10.256682867353613
10.146033612164585
10.35860040512952
10.173383626070889
10.134642118757421
9.99524113264951
9.433263372291218
9.60501903295517
9.771739276972683
9.531893117861314
9.524106654253872
9.555001643570987
9.449694725600155
9.310558882626621
9.313468548384579
9.241608256643469
9.121883554892106
9.27518737857992
8.753373882987283
8.998060128905557
9.069618783213876
8.996422848918222
9.02617352659052
8.98964198069139
8.805502170866186
8.564239325848492
8.635444901206277
8.54800986701792
8.488217597657984
8.465735039927743
8.075316803021865
8.08181683583693
7.8911490928043015
8.10878718441183
7.9825603420084175
8.174427498470653
8.188061454079367
8.038420330394398
7.85941880941391
7.691296940500086
7.8090502999045635
7.51996697620912
7.8689039891416375
7.706350787119432
7.754518655213443
7.615249438719316
7.549868865446611
7.61722714250738
7.488104663111947
7.356251662427729
7.388248305429112
7.518254242160103
7.149010506543246
7.467150157148188
7.213491531935605
7.303516615520824
7.2183344689282505
7.226256739009511
7.02319630167701
7.320050830190832
7.353328016671267
6.971589657393369
6.988037450747057
7.076006157831713
6.941802122376182
6.871785402297974
6.810893432660536
6.954805428331548
6.986225740476088
6.976330887187611
6.884663153778423
6.739808808673512
6.611696898937225
6.643844257701527
6.515891129320318
6.551203765652397
6.525652663274244
6.525431641123512
6.589581982655958
6.22859513759613
6.717933698133989
6.520832890814001
6.554269330068068
6.322432266040281
6.235895983197472
6.227231058207425
6.098437000404704
6.159898790446195
