3.6296102995987156
3.697260696443391
3.7187851901348417
3.728610285988339
3.7062805210373355
3.7348228656114575
3.6854224994031712
3.6725878098391616
3.6644364442636768
3.682890204677164
3.650749403366675
3.664544722849205
3.632422761174528
3.6476876782535093
3.624602247467177
3.612941248092912
3.6043440916332234
3.5748535410643165
3.5855934993304133
3.577222434693174
3.572561432526901
3.5335857497826173
3.5440002586763057
3.5395339683335654
3.53062201583868
3.511728684838503
3.4792521164445254
3.50176928155299
3.5077060287742343
3.4695793381467745
3.4728261340230837
3.445580135082617
3.460339988591678
3.436227335851214
3.3989548405119545
3.3973637598449837
3.350718877471371
3.3851607714077323
3.3374025071640983
3.34947034331141
3.364993766047974
3.338435042116146
3.335938631787999
3.325005999509656
3.2949255724661968
3.2360122973492675
3.254857362614576
3.208749723157064
3.2192070516728437
3.195542540561769
3.1987814053241554
3.1687517914297327
3.1306272146949006
3.128237259415115
3.0966881277105682
3.138793858757095
3.098040992639788
3.0822568574886153
3.049361207827382
3.067350619291671
3.0756118097108156
3.0489976002113255
3.0612846181685445
3.023318252112136
3.012400922398307
3.0000056861016113
2.9657255524687463
2.9673766338972993
2.9370437213094895
2.917667666033799
2.9216463648303264
2.913682555795493
2.8746131480805484
2.914114587816943
2.873832365052786
2.904071994426695
2.8713184415073587
2.830411905875992
2.8102052876210224
2.8458400970149476
2.798021090076652
2.828725247818295
2.796734528610621
2.780001261236697
2.772127170568227
2.784200745440586
2.735221855756761
2.7541088315178266
2.7476469879524834
2.7199620368464688
2.6851951951920254
2.6741817456884323
2.7002000254720593
2.726336762998365
2.717738470987308
2.7143050304942196
2.7213934468709846
2.7681361900773944
2.658927099534501
2.6448423662505203
