0.5553172300000467
0.3981357258044646
0.3920979128930277
0.4790804359860315
0.25082945865476297
0.37247892288502327
0.40432190399370593
0.2405628043568445
0.21806826273759525
0.2946166010920653
0.17198630295440048
0.24799211138116573
0.24451081338291894
0.346739658731258
0.29440996785441
0.21646383945234793
0.2566640150988986
0.19736521450694433
0.26070175715582167
0.2573502145871849
0.20386814611230442
0.2510733927239875
0.30944026310840445
0.332894995539843
0.19189069782923124
0.2484520152061879
0.31574228800131465
0.3097961097657083
0.14259039083559194
0.23475876071290644
0.14328227865552615
0.2054678678273677
0.25174840003670096
0.19707254853420603
0.31197642599174635
0.24801097998399296
0.29718618091934906
0.2443437629448388
0.3343713540949659
0.33733248979390745
0.42583979663246857
0.18095433371578284
0.4260654645357915
0.2211072254395915
0.26494602611165247
0.44911950092038555
0.22871272182297372
0.2030617748209852
0.32868596947264817
0.2714609251113119
0.2553582628050405
0.38214390197832265
0.26236817503501036
0.2882612482579294
0.12468875410083778
0.27861663173578066
0.36228748785708853
0.284836940691323
0.16943451756226993
0.24034385843004635
0.27258049157673947
0.21617173676739235
0.28560730647706317
0.23535539660759583
0.44257384580457376
0.3053583767944443
0.391094725034041
0.21906760830678537
0.3449367454988445
0.26216552835069823
0.2085457588723284
0.458431523763584
0.3827547568954781
0.2278222626220726
0.4858489089714501
0.41764582648783743
0.40147209537769846
0.2815264739349992
0.31560122566614934
0.20856580248696055
0.47993057566080877
0.38745686172961236
0.3389743374798723
0.23941062241494057
0.24175009776451784
0.35963831546311387
0.3186471335037438
0.3874967733700433
0.34464818758811644
0.3614443549531734
0.4399110286054248
0.4055670199986689
0.31758405844529786
0.39388337928450895
0.40581158974127685
0.5212634164011312
0.24275572627842545
0.44585793004007285
0.40884374700232834
0.3954194280093084
0.33002289687703273
0.40654265988088084
0.40585999301296916
0.3639973573431462
0.32334957046355894
0.42406502897610404
0.3469087627225505
0.37647024041904
0.39410352730798814
0.4127049652154078
0.2718838330858456
0.3251922856829687
0.4056957971476362
0.4264603973271135
0.2380593813552646
0.346059130403943
0.32556168182579454
0.35921921788571115
0.46555993534281165
0.37280720299135944
0.4072101958290131
0.5395636730538103
0.4775791496695402
0.39961263585186196
0.5512974208485865
0.4239895896228377
0.6560049578995408
0.449483241251332
0.38696583872567675
0.42469332159640555
0.4698208284401941
0.4313178452437292
0.4835372000992418
0.4183870803617045
0.5206865104501377
0.425184127383815
0.3975078703047995
0.4952972736769544
0.5897408365486619
0.48114075450476756
0.3845751867862885
0.4667901650578799
0.4716140068843513
0.5015742827154591
0.4562250943126564
0.6265374913005408
0.5601841775114407
0.5060293991006687
0.5308435701416108
0.6779219401862197
0.6385769627853959
0.6176518925684009
0.4459758258176471
0.5262072112612829
0.5450079325205817
0.5092888095216426
0.7074583648201936
0.6053101664076826
0.4797858004579563
0.6969958418356871
0.6903537854641855
0.6942815470074365
0.508045170732395
0.704807018947028
0.45103883898568775
0.7086874517744672
0.8187845487871724
0.47155400131173986
0.8493784141683866
0.9366584012885849
0.6805688293281204
0.7308535213938696
0.839753784134775
0.6343978397354095
0.8192939562405757
0.7745433106928885
0.8030532852920119
0.8085140519008369
0.7780091883185393
0.7777697685247432
0.7319180909282936
0.8036218356035038
0.8016298795510868
1.0462895978189901
0.9593610118529601
0.8197193087222342
0.9794623555544621
0.8240045082115219
1.067577198297084
0.8638877435055429
1.095823088724293
1.1202156916410029
1.0251539711483972
1.3837370428150306
1.2252674413348486
1.2725434011830117
1.3120830517732547
1.3157990984544008
1.5675293286004381
1.4816336185038688
1.4056268369028706
1.5210363050262055
1.5513485646200085
1.345710566621983
1.5772153655130543
2.0927723256762856
1.7192640292620611
2.0532220277136455
2.134303646957229
2.077361855573788
2.158457289955659
2.2376299542272258
2.357757102989243
2.4949431256923025
2.5157621991419363
2.78233107058462
3.1617170130322596
2.934066904331735
3.5098144310509753
3.5002327094336074
3.871267727238382
3.7784957068716594
4.034333259643677
4.287124470383944
4.219807363464263
4.196940816714911
4.400893490395708
4.828038419176916
4.83622877583475
5.052762268540377
5.1073991158204475
4.875951665675712
4.841783701298471
4.759258451824914
5.334523309925515
5.485994930496674
5.752392047392821
5.7316293009297405
5.893651013383884
5.932928130239667
6.298679873556317
5.831601064525291
6.338395049911224
6.174231897136252
6.171854201681867
6.20398047261821
5.901175858262546
6.07195168458866
6.034693194295696
6.284293359171651
6.084942729774124
6.328848401147999
6.24922098282105
6.229553514109823
6.076391418854555
6.885509351451316
6.404382182983215
6.234150129711939
6.631856648859854
6.4993173134828615
5.944473292402371
6.975482760068171
6.638630578417577
6.4981274824582025
6.40254241335607
6.24254174222927
5.986788449640981
6.492737662099406
7.224665038810225
6.7128075177301625
5.387353343810729
6.713132409151188
6.974103462242172
6.880397182189391
6.95786867447511
6.902004718780518
6.938937687921619
6.844920870297418
6.787560799317752
6.914687368817225
6.059857270043933
6.868869750915405
6.361207483287804
5.957799201499006
6.980776737113754
6.728732376633761
6.9799643843350765
6.892434355252252
6.862639972824372
7.097790396046304
6.81777034541648
6.019829841797242
6.763294990172606
6.938172651913935
7.042072969830347
7.1824523117355925
6.876174993648797
6.603750434332715
7.306657314300537
6.659699247929758
6.994612967084071
7.04384211404529
6.907500449545637
6.772378153218058
6.197939023226201
6.9561588912306425
6.606022459232736
6.914612524495096
6.519861987693037
6.513027161538959
6.757081700709158
6.550576531098696
6.679955597153168
6.756210337659878
6.646620234411083
6.437290453480814
6.496228958657366
7.1394706288416065
6.761199223971319
7.082322018418857
6.691678482927158
7.270453217989935
7.194086421706634
7.376694959246802
7.1040216572060135
6.4569736138613285
6.8353330625560815
7.052477057806715
6.9969901761454425
6.987599438799168
7.361820265859784
7.47743655015567
7.164898213977088
7.12591883080278
7.100130262738
7.138843441773989
7.228873594012671
6.411230719877866
7.397921979785682
7.216378179485191
6.989929331089547
6.904068501535542
6.8469135154464205
7.180612701691224
7.356831327946726
6.97895423204961
6.7861512658113465
7.056712655122868
7.078783145170651
7.3084017279630675
7.0368572055457355
6.528449541103386
7.215953179972922
7.1644330970748875
6.984313742192332
7.316085703626185
6.390226445360509
7.223204317456018
6.533795194300955
6.947674530541491
7.243033534300351
6.9949954201081
7.316025878241162
7.025338787354066
7.136258527606666
7.342958776172034
6.941169106171938
6.301790423765928
6.455201555110649
7.172790904800017
7.461449500792968
6.794005728436854
7.32567433986014
7.462024903727438
6.983006425754341
7.094053500639891
7.414121254173692
7.2351627655640876
6.538937122406129
7.15416260950551
7.811614733181879
7.362137230699191
7.266160635288827
7.026391822493864
7.237592838570206
7.279494736619846
7.186045842562505
7.500998809485732
6.803473053093186
6.325329697442676
6.617997549817653
7.073049370415942
7.143126684582544
7.125041742840845
7.2906199027158936
6.793460494291806
6.833389131244055
7.29472816253234
7.117458615847723
7.80645116679893
7.436498229154843
7.769767065564234
6.743892785303578
6.709287248775811
6.803105095345415
7.606555544063897
7.556200138313737
7.955516403328202
7.467380828513411
7.504508176165258
7.656291473365738
7.708584881019974
7.6530952195605195
7.1222539387628405
7.269352363441177
6.997643616013154
7.639995038867713
6.785785555600643
7.802590902439339
7.311545381565132
7.186008555616787
7.118941750459538
6.997387250583015
6.844625759698107
7.680026733803606
7.138766153064185
6.91503950302491
6.864717618258061
7.1445810025584
6.8990427554250955
6.51316016470502
7.391989747125782
7.2194898869088275
6.703281156046835
6.735275007679849
6.6462323058822115
6.34365404583887
6.786860532894402
6.942629380312138
7.5694661990912975
7.087787971229018
7.329526136776727
7.044347259467972
7.065085336536109
7.4428558043822015
6.20189586478866
6.968556360156837
6.209125016160861
6.8932328329296535
6.953903342535596
6.983337531347791
6.823860967326499
7.607617306565952
6.863222715610971
6.6623117594059575
7.442909096429248
6.868704627654356
6.901898558010797
7.319701053336532
7.289785761632518
7.171741679579557
7.425739606540046
6.68484102031272
6.872909838307597
7.061746396617087
6.76912264929028
6.758840689917127
6.241760075211764
6.729616155605278
7.224350689408297
6.778654997716686
7.267036924381294
6.399675950258672
7.488050475149212
7.05708734019247
6.636291938697647
7.355876290009829
7.47821919282596
7.850830044679508
7.958399044487901
7.180673309700762
7.3021006163709865
7.288295888231847
7.073240723543034
6.393531948387742
7.633536509855954
6.690139229646427
7.028279134410178
7.49077218233464
7.657981784644729
7.642171768005004
6.9169333559238835
6.88606276445255
7.182236999213576
6.667441845895771
7.202321467275371
7.024022728264451
7.229713257424578
6.632723685018046
6.984819531679631
