3.9209175888420074
3.6629787360050883
3.531158053135687
3.4788546536781992
3.417553820813349
3.399637667476669
3.3970694759095363
3.375495220801627
3.3746232099311295
3.3708811765031297
3.3634757535864215
3.3625362758026567
3.359961848850398
3.3588386903437533
3.3511177116586257
3.355558453142181
3.3553017227686652
3.3501255163388657
3.3480453560518666
3.351818635482197
3.354714647050976
3.3477421777192937
3.3450109371843264
3.3487091117589047
3.3491338163383246
3.3435155786285105
3.34608392221059
3.3445698288522023
3.341845301925674
3.3438082141007563
3.3431426915087443
3.343393092700677
3.339762329824211
3.343146946079047
3.3459781549235648
3.3418924367243004
3.343392998904221
3.3424476341221685
3.3365535980971286
3.3413405344467755
3.3397471722244294
3.3389773285666178
3.3391295622947603
3.3393659723359486
3.337137454932974
3.338265608216441
3.3368068418299504
3.3340421062569288
3.334310002567232
3.335102535264437
3.3347864767839743
3.3398759582246
3.3326807156089666
3.336425635241723
3.3347199660863063
3.33428162197734
3.3322190025518106
3.3385962622110235
3.331798439340074
3.331415672172872
3.3319711888483328
3.3347553243470744
3.3305605853250784
3.3311421443787657
3.330799310013305
3.331575491631678
3.330602029728335
3.3288371766260427
3.329930992551552
3.3280181967934896
3.3306017906166785
3.3262888953205225
3.3286049583161526
3.324986979249836
3.32838691713274
3.3280777982039047
3.3237488944401115
3.3265587181545966
3.326144731784052
3.3276185386402664
3.323563733766245
3.323832145495008
3.324828931065493
3.3256202125272085
3.32332065955613
3.3241285958955453
3.326219140097152
3.3212362712667893
3.323451178018437
3.3217368740444035
3.3202401383440625
3.320980738299762
3.321488756542058
3.3209481985532037
3.3199104539645736
3.3194991003635317
3.320958445700564
3.3209739295087117
3.320024017677751
3.3183141852072042
3.3205491510010505
3.319109331267749
3.321631456761397
3.318154210961142
3.3184843560059867
3.3158639884272287
3.315579195124234
3.317083180412766
3.3146115356637527
3.315862820129986
3.316133607265561
3.3134315658447355
3.3125247830568356
3.3127980715082597
3.3124093283978544
3.3137621974298197
3.3105495056902714
3.313232547321985
3.3106010974377624
3.312367455903874
3.307248416104058
3.3120537448761076
3.3135087651799817
3.3087551154831583
3.307388265465581
3.3092669454193855
3.308118445466655
3.3080623235351356
3.305951563655868
3.305836489496305
3.305222605550012
3.3064459659332455
3.3067143252191618
3.3071132930674296
3.3026661272196804
3.3071736956751625
3.3076943893765294
3.3035857434882674
3.302264697560968
3.302546367395756
3.3026682466499566
3.300831150638965
3.301240697156551
3.2995249511197557
3.3033319131810535
3.2982382069724476
3.298580199249031
3.298779779164366
3.2986912755079048
3.2980871547100157
3.296267900818078
3.295341194369072
3.293393525966378
3.2948298786961754
3.2914372860461243
3.2921040217543758
3.291898708703906
3.292622117802154
3.2911080706489177
3.2874030639496885
3.2903431187304415
3.2910326825555907
3.288215495126192
3.2863163259602333
3.2880258356878
3.2873894581499026
3.2845843563708224
3.282891516075578
3.2826057046420813
3.2849543552066005
3.2814793274846186
3.2819241888301316
3.280387425607489
3.2789105655148973
3.276539220366367
3.2782306336155234
3.276646972395653
3.2721606481444927
3.2700766479784202
3.27280694523523
3.2703215200309605
3.2728753096835557
3.2735965062481487
3.2676697165467017
3.26405561316845
3.2663607722104984
3.265948809163515
3.259185796560243
3.2627175193886426
3.2588092952735663
3.2573503061782483
3.2549733466418216
3.254306806150333
3.251621256271998
3.252059428728828
3.2515522216179575
3.2429183425829393
3.2461955558884052
3.243331549241561
3.2409763819025468
3.2349106225856517
3.233803562184637
3.2255457018234934
3.225541758675908
3.2241206631179926
3.220994375241819
3.21899760624235
3.212244140085324
3.21118303001389
3.204055677550708
3.203284384206284
3.194521213224692
3.1873496251050817
3.185489583385083
3.1795379179854724
3.171700635621714
3.166857718959335
3.1633106696513273
3.1567720084689386
3.14219578546147
3.1429308994795924
3.129490638195082
3.122999273875887
3.116493290708971
3.1053693740404853
3.108150034680847
3.0995550402837204
3.0892708434384
3.0776000350944757
3.0771809646556543
3.0678622731866763
3.059853911630867
3.0477691918842553
3.0462921296441277
3.0399984467861265
3.0449125228464142
3.0319938486398654
3.0392377143220384
3.026495935380921
3.0181182433468425
3.0077615178139636
3.02037858212179
2.99897577989009
3.000563094782275
2.997827414856401
2.9939795405596725
2.9772643208965777
2.971057433952657
2.9729471765747366
2.9707662630681844
2.962976700575777
2.957061137570891
2.953060550167579
2.9438815202361854
2.9386845494425575
2.9370928640051406
2.939467668533325
2.927618137394735
2.9270605158436207
2.9128186453220457
2.9220581916413564
2.907577245272407
2.9108629894349
2.901244887778925
2.891887769334076
2.9023635762837507
2.8866055070660837
2.885551073292429
2.8805970994308012
2.8741556965103445
2.872385586994563
2.8726136759501095
2.857473293016123
2.858686022518217
2.849987553995709
2.8396623831155687
2.830252149654913
2.8277584516493848
2.8167064821766328
2.8169903354358303
2.812480485023454
2.810632821316867
2.803451282109401
2.8000545859798907
2.8019322469946024
2.796007820455603
2.7723785233359006
2.7829157667335616
2.7823325149541676
2.7637819797955743
2.766692658149919
2.7750167106242145
2.740453006107678
2.7395321196594904
2.749902738734733
2.72552130504172
2.7375195696372394
2.7221278194771257
2.7189473536356474
2.707341950300128
2.7044013990450275
2.7105542802533438
2.7051713760046994
2.697850353727045
2.679593689335409
2.6796378039343414
2.6758978809266125
2.674956332459006
2.658483170146166
2.6537609025258426
2.6401711969181547
2.640748062221579
2.6381674191748448
2.642521093982135
2.630463894716529
2.6119408891644587
2.6282992439214574
2.613183910763541
2.6094885805780574
2.6058711034151933
2.593567296978115
2.5867300969223646
2.5851250050603882
2.5700820032940355
2.564424291368603
2.5706862747207166
2.550673080622688
2.5537484038707823
2.560333862785221
2.5419475435055503
2.5447620295507964
2.529025500481443
2.528568760600201
2.522292430317679
2.521730922451315
2.5062891010397164
2.500502347599628
2.5054103116425432
2.49074284501316
2.483421742107517
2.498519651765047
2.473029202384542
2.4713932161414345
2.4633109990016435
2.4605139165885688
2.4745416987773985
2.4650707200978155
2.4449309170708178
2.4634068741123807
2.441624803829563
2.459472570308419
2.456433565926182
2.423243207986965
2.4350631947434227
2.4136970277673515
2.4270598737075346
2.429059676537218
2.4103254069422566
2.42565409827602
2.409650853322458
2.4072587414998416
2.410013490869093
2.3787787007962087
2.384296187596728
2.395188877979914
2.397215584336325
2.373424548742383
2.376553182685098
2.38224952223227
2.367939460993737
2.3746118408071903
2.353713418508685
2.360757261052612
2.3516350313443546
2.3452978030193683
2.363005616983702
2.350074779617694
2.345135485363561
2.358924920360247
2.34743130657562
2.3409886784100715
2.3387617346390273
2.3373524258996166
2.3370984496996385
2.3186344164748522
2.3136896362831427
2.328014482938966
2.3173546419125195
2.3114640762408576
2.304752436026122
2.3044297672057334
2.31178148437378
2.3090320331181666
2.301782871286074
2.308450552151185
2.273443489920261
2.290464111076769
2.2969583391912223
2.2862264880145244
2.2693980964579326
2.2818091334991677
2.273388018095216
2.2646941334702246
2.2556860018377156
2.2691299939571423
2.26597189891708
2.277511155073957
2.270765922559324
2.2778436171916105
2.248182913938234
2.258734556940175
2.241605954807858
2.2494495583828105
2.243044918359712
2.233564927942993
2.2576187526763873
2.238044660798339
2.2470359328643297
2.2294486470000687
2.2428182536779446
2.2148733952248745
2.2407642317603726
2.236249940339909
2.2334901539161223
2.2238729876834293
2.2131480105625565
2.219759758244189
2.2180720721335376
2.229724185757859
2.2060191022564273
2.2078296523685603
2.2066052681946937
2.2150759078966553
2.2339979838724284
2.2003055246070375
2.1881656740293947
2.1754637154959893
2.1954732214988666
2.1692331392866695
2.1843693020731902
2.1742574107046275
2.1931058124516363
2.177788104082263
2.1858226522918818
2.2070141389619473
2.171466969126879
2.1839559223762777
2.1820801505746767
2.1669893331767978
2.1781489078619685
2.1658773883137594
2.1811248641605525
2.172003209244373
2.168227794327477
2.152580823085105
2.172496327134066
2.169107890868372
2.172431950652322
2.1415622948214064
2.177522602469422
2.14860648967961
2.153638583052066
2.144171318689058
2.14957619036815
2.138285244273585
2.1533421335756318
2.120219281246496
2.140049080516017
2.147212714996449
2.136012168702229
2.1299031264791193
2.1258946702230808
2.117339695955432
2.134317863588185
2.1157120750393976
2.1223063533620317
2.127035052392834
2.1278960536154665
2.119454693771148
2.11146226455999
2.132576431992442
2.13337251636409
2.133669914547787
2.1079487951920015
2.125877476362295
2.112105504371399
2.099800318710564
2.0969197521376057
2.107230674966361
2.1045959192190984
2.1048763580331507
2.0981900436702623
2.1139971758275067
2.1048996439275816
2.10559127635734
2.1113386559625003
2.084534785082174
2.0871285871248837
2.090696126684662
2.100589449091475
