2.2219783663749695
1.9911470413208008
1.9240692853927612
1.6942049860954285
1.409074604511261
1.4839713275432587
1.7331507503986359
1.2297243177890778
1.286053717136383
1.3583356440067291
1.6105583012104034
1.6570230424404144
2.1790356636047363
2.2356556355953217
2.613381803035736
2.653815984725952
3.016902208328247
3.057637929916382
3.1431305408477783
3.508957028388977
4.096652269363403
3.9751153588294983
3.968599855899811
3.959062159061432
4.3524481654167175
4.431989312171936
4.028864622116089
4.4306957721710205
4.944917798042297
5.721863627433777
5.607347249984741
4.6434208154678345
5.465742826461792
5.193748831748962
5.224830746650696
5.959651350975037
5.597243428230286
5.815038204193115
5.293736815452576
5.3398756980896
6.0016337633132935
5.942560434341431
5.521720290184021
5.725414395332336
6.439775228500366
5.516249895095825
6.398527383804321
5.7635849714279175
5.249422550201416
5.983725309371948
5.473250389099121
4.723040699958801
5.378923296928406
6.222161054611206
6.918557643890381
6.0976881980896
5.653964042663574
5.444146156311035
5.615147590637207
6.014266014099121
5.520213007926941
6.1567147970199585
5.314375877380371
5.931430101394653
5.5833282470703125
6.234798312187195
5.215916752815247
5.79306948184967
5.065220832824707
5.135603427886963
5.577188730239868
6.454437255859375
7.095079660415649
4.347602128982544
5.2302879095077515
6.165090203285217
5.639501214027405
5.200793743133545
5.502993583679199
5.694222450256348
6.97439169883728
5.565999507904053
5.733984351158142
5.411504745483398
5.4943541288375854
5.444292306900024
5.62778627872467
5.384624719619751
5.897547364234924
5.966167211532593
4.892942905426025
5.2670921087265015
5.331583857536316
6.497783660888672
6.494390964508057
6.037713646888733
5.8272141218185425
5.376211524009705
5.940885543823242
5.8985854387283325
