3.640536374918691
3.4861739000848107
3.4572182360055805
3.4359986505828224
3.4280424957817144
3.4176214178343556
3.4081920890866577
3.399414936037691
3.3804857046963335
3.348310577380168
3.286627352118373
3.197925295237008
3.0921816173437477
2.9772984635409294
2.8888550145146965
2.8091518242616913
2.734455636925287
2.6612021527639977
2.5762255461933137
2.4966760813682765
2.406546940435996
2.309905467090664
2.2234447314604386
2.1582053125769765
2.069414250172294
1.9782978518976941
1.9029131536786859
1.8046123551594484
1.719306529761554
1.6119828130509164
1.5423218374465917
1.4695150822967857
1.4015010212575112
1.3620394200265586
1.3050828034485187
1.2628395564563282
1.2291792889048268
1.206667407631158
1.1625331587440617
1.1443800426669068
1.1011394306987494
1.1085450099156544
1.0866963227649589
1.0614152953431413
1.0239675861370336
1.0158462680883713
1.014958248623797
0.9949836852075579
0.9794082006624153
0.9759031635624271
0.9369415298208699
0.9688085692527296
0.9384201064825177
0.9391686290472716
0.9173257648124471
0.9022572239538332
0.9097763324106062
0.8760346668931815
0.8788628937290596
0.8756614244571916
0.8618310947601382
0.8701760823184902
0.852288296131102
0.8694472156905078
0.857480314400819
0.8371470023815457
0.836655759820351
0.8196230284548975
0.8434513638297597
0.8316574177524826
0.8094909981907429
0.8011089409734156
0.8167053624778777
0.816826449515106
0.7892627083324455
0.7810285367123835
0.7940410872971689
0.7937678476801148
0.7872795119911462
0.7664089643949265
0.7691832820589358
0.7599586212300921
0.779954045608237
0.7535778740579421
0.7535531024809357
0.7660532948133107
0.7695842281401575
0.7440865572553139
0.7405283204965047
0.7541611612037018
0.7402373306505434
0.7446617553004989
0.7560814121314833
0.7446220847922522
0.731176638388419
0.7294817634665214
0.7330758926254493
0.7016640661789609
0.7257819709715781
0.7555346482464144
