5.950589781826562
5.144240024808171
4.899915753422795
4.740489805186236
4.645992623494791
4.562602802827671
4.518474242320886
4.499316181148495
4.457448854550227
4.439617136786053
4.414755918301858
4.405494135838968
4.3654512995714185
4.319343500458323
4.285823246678552
4.24246717280931
4.193781899648147
4.152543930260388
4.093206380491142
4.0429126999757665
3.971171648443879
3.889834024795183
3.811911276958368
3.747584233890186
3.66689345670176
3.5779085039376497
3.5053627493383885
3.393415993577367
3.3102577589116655
3.199795998401709
3.130257585325518
3.042311757952124
2.9575838042988076
2.892322451860697
2.813642785117194
2.7411177481139624
2.6900657469386213
2.6446665156710973
2.5723112059367432
2.5281791576036103
2.454083903743937
2.453747303218574
2.4133622910644674
2.361000144595021
2.2924253737723626
2.2719834595471173
2.2608827221858965
2.219232100475061
2.1843831878942295
2.172425392959211
2.1020248282898417
2.1532332249828525
2.0916894384630926
2.0914559293616644
2.0475677778651646
2.015738370987746
2.0262711528125585
1.9661816268174857
1.963903692242381
1.958012023756096
1.9285732341540587
1.9379518475678112
1.9075601317503073
1.9311420888275475
1.9080929492448304
1.8696262790962264
1.8637249899638426
1.8370249204568796
1.8697480466272738
1.8501658409505755
1.8072662199283387
1.7920167494315404
1.8163123990710195
1.8201599590502702
1.7709703070742708
1.744992712178865
1.7691161583165627
1.7642269368256416
1.7539081638520424
1.7178750157923073
1.7178662822649882
1.699928152594003
1.7358931790183376
1.689410300643833
1.6861491876768995
1.7099078827135794
1.7118739181900167
1.6634794609682697
1.6576502390123822
1.6801643221227973
1.6587119345908408
1.6568286605664082
1.689554976167025
1.6621580532005242
1.6329929393989306
1.6299121751859262
1.6453798416110728
1.5776903574710135
1.6181146126907986
1.6770721229615513
