7.585758001376421
3.322814513475467
0.8203963316403903
0.49902271918761426
0.9180899216578557
0.6184700100849836
0.7356034685403873
0.7788866315132532
0.8062316546073327
0.5519701624527956
0.606099587220412
0.7090068428944318
0.7801860907138922
0.7657979910190289
0.7277331841297638
0.7258143700086154
0.8629355323620331
0.5502985853415269
0.6244870179738754
0.69893090847211
0.7693058603849167
0.7388965181815319
0.478999803463618
0.6926606435042161
0.5961539623064872
0.7086784075468014
0.758046153264168
0.7524939072437775
0.6707558662463458
0.5442306964825361
0.7692786592703599
0.6652320990195641
0.4133520569556799
0.8689112479870136
0.5101676292908497
0.5430255593397678
0.590198467939328
0.5295431002592429
0.45756293489382815
0.40012607513329923
0.3983861452493912
0.599339485168457
0.5894826589486538
0.405921723598089
0.49958454569180805
0.4019862153591254
0.45912244610297376
0.4315144121646881
0.4226492712130913
0.48571323737120015
0.5367687512666751
0.4930817996844267
0.34641853280556506
0.46000846456258726
0.4215770463148753
0.3537681568891574
0.43626652390528947
0.4232711050754938
0.4268174072106679
0.45425706796157056
0.45360052509185594
0.3212649241471902
0.4513324063557845
0.43962620695432025
0.4090662644459651
0.39428705053451735
0.3336743658933884
0.38395973581534165
0.34472862420937955
0.34032952326994675
0.37790621702487653
0.323671145316882
0.3185060261151729
0.3532949961148776
0.4392390854847737
0.37874155854567504
0.36268768402246326
0.43135815171095043
0.3173613234972342
0.3907410983855908
0.34386719801487065
0.3510112716601445
0.3304464694781181
0.4060524938962398
0.3303284561022734
0.4068035246470036
0.40291112202864426
0.49686181468841356
0.3369801564094348
0.3695650536280412
0.41004736377642703
0.4146487453044989
0.4164895308323396
0.5655602247287066
0.417302233286393
0.38933180616452145
0.4427764667914464
0.4457537463078132
0.5148594012627234
0.45030457774798077
