6.9770019971407375
4.771478298382881
3.9737613140008388
3.7837002888703957
3.8455607340886044
3.7800331727052345
3.788211315106123
3.8392906188964844
3.7509048718672533
3.771356937212822
3.770363245254908
3.7128607004116745
3.704609363507002
3.7484490076700845
3.757782599864862
3.740266909966102
3.7073512199597483
3.762521578715398
3.7167407549344578
3.6929670786246276
3.6715121391492014
3.6703355128948507
3.7079587838588615
3.6910825814956274
3.701740943468534
3.654809731703538
3.668947329887977
3.6427008494352684
3.644060709537604
3.631671593739436
3.631399160776383
3.6137258395170555
3.6015034944583206
3.6077810617593618
3.5520194616073217
3.619290950970772
3.554975063372881
3.5949200177804017
3.5885477921901603
3.583438298641107
3.5551029596573267
3.544638542028574
3.540360328478691
3.5530417821346183
3.533011888846373
3.5426844511276636
3.504716897622133
3.5446474307622666
3.511630877470359
3.4869363674750695
3.4819272481478176
3.4999592243096767
3.504456416154519
3.4669976173303065
3.50035084822239
3.4788993444198217
3.480280191470415
3.490654768087925
3.500018297097622
3.5059261933351173
3.4762031053885436
3.4573379357655845
3.4596391029846973
3.439049408986018
3.412627440232497
3.44696253996629
3.429227523314647
3.4221079349517822
3.4416569685324645
3.4241568186344247
3.423597500874446
3.4058981186304336
3.4257197930262637
3.4117210644942064
3.3926411286378517
3.4045382218483167
3.3784656524658203
3.3963355529002652
3.413658068730281
3.405915211408566
3.3764683588957176
3.3762995707683072
3.409956216812134
3.3858333856631546
3.3862825540395884
3.3835754577930155
3.3616171861306214
3.3811891873677573
3.384044048113701
3.3388562324719553
3.3656781025421925
3.358732987672855
3.3340283234914145
3.3553252831483498
3.333775055714143
3.3265684873629837
3.3150106148842053
3.3272145161261926
3.287384393887642
3.274621773988773
