15.020913588695038
9.400417560186142
6.90815396186633
6.362008143693973
6.384690908285288
6.354144108601106
6.296979121672801
6.290098838317088
6.2152982247181425
6.220540829193898
6.195094267527263
6.125003533485608
6.111397938850598
6.0812422923552685
6.06404299613757
6.038563288175142
5.964780183938833
6.028003374735515
5.986765678112324
5.921297073364258
5.878545235364865
5.840704416617369
5.896228203406701
5.801591873168945
5.81172697360699
5.747852459931985
5.705409526824951
5.689604196792994
5.685708535023225
5.668845739120092
5.659872996501433
5.568581324357253
5.555836763137426
5.525462346199231
5.439199472085024
5.504061980125232
5.413064919985258
5.405870400942289
5.357696508749937
5.36055693259606
5.342397139622615
5.311210840176313
5.2470496251032905
5.250967465914213
5.216098198523889
5.222126838488457
5.147779855972681
5.128752683981871
5.116240904881404
5.067924365019187
5.060107989188952
5.021842320760091
5.018746987367288
4.9565701973743925
4.982733005132431
4.961213772113506
4.930640526306935
4.952501920553354
4.9248558435684595
4.918460026765481
4.852947589678642
4.827192220932398
4.823086261749268
4.761265742473113
4.744818577399621
4.7232238573905745
4.73458892871172
4.692972060961601
4.686074110177847
4.679991599840996
4.689976203135955
4.623383350861379
4.672817340263953
4.616874499198718
4.630994075383896
4.587061802546184
4.5629753699669475
4.603856539114927
4.566455828837859
4.554511779393906
4.538626456872011
4.515272959684714
4.5212369576478615
4.487863614008977
4.4969288263565454
4.467986388084216
4.450804025698931
4.470791254288111
4.46309782908513
4.40708605448405
4.43010539886279
4.4134925817831965
4.371552974749834
4.413268211560371
4.398946652045617
4.345905481240688
4.334667291396704
4.339624942877354
4.338541006430601
4.304503391950559
