0.4112611126326368
0.6260355227218123
0.5027381467198083
0.7958139193081903
0.37481141627909903
0.7365569105606996
0.4618008118234799
0.5754432970870712
0.3425571146255027
0.839435696124075
0.4302035057114695
0.6232515419413427
0.6273908490886191
0.5857699253038319
0.49150265141097244
0.6386010946635015
0.4078082470353954
0.49428805840278195
0.5886494385933351
0.6258167870536835
0.5859449057875272
1.2096526966782992
1.2806022555412415
1.5097257316948656
2.0109519330198635
3.4643914264763045
3.980595126180706
4.625453569607171
3.939338958335066
3.2091467671977254
3.8147449416961363
2.859587261098659
3.959123750010091
2.182377903279895
1.9909290562650723
1.9059680898586113
1.6880814353067555
2.363916998874687
4.444383183557667
5.4618202450280195
3.141034078024671
4.079776794016959
4.095745062780285
4.927868423576585
5.644204237179192
4.756064818712896
3.8490187056317837
4.622956893248166
5.581255800021674
4.773806028232307
5.751825044054784
5.6413759831675065
4.395040242609854
5.477335358430484
6.002512953802197
6.273556883206109
6.316984716541542
5.135512761458127
4.029206595105494
5.295119772454302
3.8464070283817144
4.079844892383338
4.201271796752073
5.0274481458033256
4.752077600998964
3.7359755851462753
4.001159689947216
3.7756523182970247
4.704392880858305
2.9896073145474604
3.968392611983305
2.71526618018179
4.147739583361364
2.613463373126869
2.900596901505648
2.9556341362381744
2.5473715377475075
2.396336687112858
2.1448335284460525
2.7436549314754997
1.889878269904601
1.9188355226554947
3.5348919923893196
2.5738782858800793
2.858248802129635
2.2556848678894657
3.2246562885139176
2.704628272620375
2.559152417526933
3.888656423660462
2.2281642108259794
2.1383972846434447
2.7114532012977675
2.1835854146666898
2.7098462701082706
2.693143112864905
2.3764546693924196
2.272029913260129
2.2157813262843895
2.3256317255253305
2.383653246568057
3.0297238618911866
2.3759300672936297
2.3748680443945296
2.985668555051387
2.9908702903854585
3.195723911564431
2.6090898922306742
2.296846411032285
3.226109418697013
3.2752746995799766
4.008369780733495
2.5069138760079364
3.738255670409881
2.5599095627874555
3.4684719456460527
3.9022440446880395
3.544570935751967
3.761714473754944
3.8017039862806667
3.98157521574674
3.421235184392375
3.8559113953538793
3.7358607844503706
2.2304920342737784
3.842939298473045
3.289750828293856
3.245224063047665
3.5640297547609867
3.602579734129514
3.282425570344638
2.888890713154672
2.9400653566769464
3.9966537469852423
3.88419054075329
2.5418693419687735
3.356648020849438
2.954618975729168
2.6043418254068715
3.4215673334851773
3.2297544278697163
3.2307960843753243
3.054038697110866
2.9029325344758425
2.3475099453228507
2.4965258714909067
3.6364045057124748
3.448334213726984
3.274347901105403
3.609405383318364
3.8693920591312323
3.27073171430217
3.020943311030019
3.2910126755853932
4.24887828979798
3.331921112083481
4.800238240457967
2.975970683451406
3.5994723268405706
3.770795955925523
2.9261733348479493
3.198168494658384
3.828536768953404
2.810956139841634
3.4595168525565843
2.7454245240989334
2.9637338259893813
3.3334507717637116
3.0006469528756305
4.9732977632052435
5.62670990555941
3.286476280980693
4.138322127844862
4.366161474006209
4.1619083953047085
4.677355126531903
2.9303757117124265
3.397115158891391
2.7719172757708717
3.2933648889193794
3.947687058745023
3.4812142012831204
4.251391538876092
4.376873085159577
3.177790673796782
3.2529031671359685
3.278487261884915
4.486031511264717
5.25842489078193
4.079640784578954
4.725179384609979
6.655383493236167
5.433289227839223
5.3844654220856265
3.484411913311792
4.6558233129237605
3.9600347316336775
5.798636531065366
5.035035455394126
4.111977396126023
3.462672658817085
3.8862262159167886
4.255777328907846
3.4765812858550964
5.848012974840366
5.199919505683119
3.5919520649499073
4.111936778009296
5.018326395260308
3.9511978750477335
4.6492307764255925
3.987510963527855
3.910541368629746
4.233004867194411
5.127057858125003
4.5203575509822445
4.891518476253043
4.5731865499683755
6.095223963857892
4.575651865445063
5.819665478800007
4.944349057210949
4.952983127567237
6.022413698131431
3.7434950500786424
3.5971167546235967
4.364508210298771
4.336212290551715
4.282836642198429
4.903575498259856
4.477118891083406
3.6384013764605014
3.502723098040105
6.473382086935406
3.344359544570556
3.2923781704568196
3.0212951986966488
5.311672110356883
5.537037189116698
4.013192535163405
5.848137192353457
3.7198260442049564
4.743184821639128
4.067782192765352
4.092123762639109
3.8306169543333186
4.42800103399701
4.0170465571608
3.629183801715981
4.281603784503822
4.385051455430851
3.994927790456401
3.664673191273141
3.3320834674911652
3.8579967834189803
4.642989816550979
4.9971229557045
4.575621677066138
3.599582760988591
5.314280560594761
4.180491188007271
4.0476188764782375
3.3060103361018913
5.332846433222891
4.390226380858488
3.564503844133121
4.767908847403669
4.446128293842017
5.065550635955137
3.9617862233179126
3.9719379985021925
3.682360133570516
3.584377175581479
3.10448363883223
3.965900432131811
4.986341916009754
4.651193642186258
4.526158355758759
3.77769209913357
3.6202128473407997
4.503248147830695
4.596173366707169
3.454078108132005
4.527043753492092
4.254313155501066
4.221286294933312
3.928052241912108
4.772928677484363
3.5030254538885814
3.5838220501710514
4.603382281167713
3.7859346493929324
4.64291164249122
5.14274271217759
4.838185547348971
3.726349060903331
3.836424420496266
4.279076946522286
4.986945974086234
3.716644596719073
