3.5583595737468365
3.3804595077684683
3.364582506492156
3.3602040148982706
3.3596467918665835
3.352939253167589
3.3497762476751047
3.349279893461124
3.3476810397565826
3.3420364521732626
3.3409309703712315
3.3395939559437506
3.3390059766843336
3.3327215935370718
3.3356654265130214
3.331077653539273
3.3269362424233164
3.324838864248852
3.3133644189021383
3.309809757988582
3.30005420940791
3.27988433491352
3.239598872818688
3.193477216386056
3.152088183303212
3.1186345529186634
3.0890381172183874
3.05497767481693
3.0138556954934614
2.9876833722110865
2.9553993903389273
2.9258640623369883
2.905752476795699
2.8820001160682636
2.8582166590431863
2.825348356319952
2.796208991445312
2.7832157582968704
2.744432657264
2.7182515620492227
2.6873735691918883
2.6600496440894843
2.6213267123283344
2.615132603996484
2.5779241823641827
2.5530180626137313
2.521275365537451
2.473912081746168
2.4592454562815584
2.421507812516634
2.3909554363683214
2.358816462431767
2.3347548691108244
2.2804370586031166
2.261611032855603
2.2592123071121617
2.209233268864395
2.199843785674997
2.1703477680914163
2.170501626277155
2.1630208819180496
2.1411863706370657
2.122788514046706
2.115067776205928
2.091605649669041
2.082429904692857
2.0626343973847323
2.062648153351259
2.028997629880905
2.0287104081506877
2.0193364977143533
2.023200429802717
1.993511873044709
1.9966099264547807
2.0027211763600046
1.9707298941852511
1.961870962104132
1.9649677541135817
1.9461382077645886
1.9315213049335997
1.9121236120776612
1.8889674165452173
1.8801591470260028
1.8679428117912869
1.8318561539631482
1.7961529405542123
1.8007583518822987
1.778640085643576
1.7848566661971483
1.7627305099668429
1.740200075588023
1.7287886193556379
1.7198736411772033
1.7151112082854723
1.7377356313919836
1.6782871204060177
1.6953228799871696
1.6991889378590177
1.6677701144601949
1.6619784048823423
1.641928616651269
1.6416974707051766
1.62174108110426
1.6249006825477579
1.6252515261140905
1.6036733911596528
1.5873006189516348
1.5927961666801178
1.6003082750379578
1.5517848054914511
1.542521044380905
1.5421199140160582
1.523377542059089
1.5408547709501066
1.5175105745709219
1.52185369929833
1.4853092285898304
1.4804914675710736
1.4721873295168544
1.45779722634443
1.4611265817584917
1.4418269078745398
1.3978582637947659
1.3920242541520171
1.4366213210908942
1.4137369743728823
1.4110525756381278
1.3987921659452047
1.3864700557418572
1.3767946484939073
1.3712844385426173
1.3691651552569035
1.3784318590580031
1.3532404003794802
1.3682651956414067
1.335658931859242
1.3106636947901673
1.3534973418527796
1.3263519600957863
1.3412553957959479
1.3135395261437395
1.2893662604019624
1.3256987826537716
1.2783656815687816
1.2757986258975296
1.2805116168519324
1.274917254267737
1.2436361402966256
1.2834490896888482
1.2448473536344462
1.2536062327350757
1.2254039105172305
1.241143513846305
1.216456072563811
1.1823097591598828
1.2001020946474963
1.1914811915782995
1.2155226190653883
1.1981182370999062
1.1785485128215116
1.2253324399853862
1.1542584669682407
1.1564810922903608
1.1705247428297072
1.1718558239382366
1.1383116806084796
1.1697553687317426
1.1338926715444224
1.146771715015404
1.1834953028217767
1.153973088592522
1.1382642903531244
1.1501150614646978
1.1052043739446373
1.0871606586977494
1.1221954821385154
1.1169382708017217
1.1409354257837747
1.1033404202655304
1.1213743717864502
1.094461447739786
1.109609372451786
1.1216364557775416
1.0989705272769743
1.0640936385869055
1.0417848809860473
1.12015654054261
1.0934891273924547
1.1018156204228253
1.0530427733017493
1.0842032531319663
1.058070067114146
1.0744852086370305
1.0744100660663243
1.0866335965404215
1.0757095746176188
1.0720319720201714
1.0654115617390751
1.0511043403268785
1.0493173449076423
1.034229107547638
1.0232344694839892
1.0594214663025021
1.0406223063667615
1.0474115599148957
1.0347654361479965
1.0343121119247851
1.013393724842589
1.0433245527651882
1.0289792748846749
1.0462855734797412
1.0388201308227325
1.0073595135364422
1.030954972544844
1.011524773845377
1.0240949644714363
1.0255887335700582
0.9909006397622501
1.0151939200916031
0.9890938279933708
0.9819285149953162
0.9996088747830354
0.999874909661075
1.0195545931888181
0.9761050732214321
0.9915366691443347
0.9953336208019146
0.9908526899625164
0.9845896530174469
0.9815655216690182
0.9815011659795924
0.9716933473598125
1.0088311824803204
0.9583323483550271
0.961282894246338
0.961341705433158
0.9909478364180225
0.9596322555412617
0.9618246017615925
0.9662400385899137
0.9600914922911067
0.9841644769144613
0.9624238483203474
0.9552938156696253
0.9689891099236733
0.9949764279547588
0.9664322369435961
0.9450711485489395
0.969846514017545
0.9576773316014645
0.9555107614444208
0.948280004683391
0.9413615805927174
0.9451788108247196
0.9584319720319076
0.923717693360739
0.9588077895978625
0.9702643986011661
0.9256441714458687
0.9407432462240375
0.9316977577847104
0.908746347928694
0.9177551855181538
0.960943034799524
0.9529968482810397
0.9176362875935643
0.9019675085017848
0.9481231749577578
0.9253980764007383
0.934499480350073
0.9299703213249066
0.9433321316921434
0.9311383338284123
0.9102342653759691
0.8916659101612808
0.925948387199594
0.8937204236439033
0.9247108659194422
0.9083041009861369
0.9465464720892351
0.9288997765081798
0.9074895801528018
0.9010540210576945
0.8904398397304291
0.8900296700786251
0.9244425831030506
0.903158388887496
0.9012392067400984
0.9000562286192133
0.9034841500742491
0.8992835085174834
0.9008357264967852
0.8983369284822035
0.8914578000531178
0.8964251075950704
0.8700041848328687
0.9361783257404039
0.8968832397241463
0.9092805350935736
0.8810144446847975
