5.115428499473158
4.162878087786741
4.032839076463566
4.00506730412328
3.9539698182150373
3.9219076732794442
3.907550421334052
3.889298519884893
3.8666171540123546
3.864552443803743
3.8627439540948054
3.8551179815170378
3.8592558094235354
3.8514689796192703
3.8689745454363123
3.8573932677738427
3.861215595127076
3.9041209019893826
3.8853700699270233
3.887837922619295
3.889426884263061
3.9335488852604414
3.953180200831835
3.962122604828472
3.9975178687609443
4.00173194787299
4.008945606475653
4.034032808486805
4.029757392498874
4.028813698264056
4.009889179190924
4.003843588191409
4.001805011847223
4.001302303038826
3.994975216859995
3.9806923330292223
3.965661733649498
3.9611097123733785
3.935138848862907
3.926877529815186
3.920623032621635
3.8744750253913938
3.872740005106889
3.8659758826558903
3.8465555370316027
3.8478736824305484
3.8162674603536146
3.783531288536944
3.7732999116875403
3.7506572752035865
3.7292820815892185
3.6971690950467604
3.6812282424102456
3.6282024831734887
3.6303499116916065
3.6108631789684296
3.5638833207677503
3.5399796618509662
3.5301055088061695
3.5159595795842105
3.5131870224032293
3.4819880187973498
3.455040131428445
3.450918339019598
3.4210411469603694
3.4199475190898245
3.3972778992597448
3.407598067161649
3.357796910197236
3.346367879431377
3.3500214526357577
3.360469854155252
3.3290403487608415
3.3381541812604714
3.3357334601324657
3.3018677588119063
3.2894122348737347
3.299486853586611
3.2857892984567685
3.272873188867125
3.2567619260891463
3.233128608890282
3.238614562176919
3.221644844426665
3.200973017271175
3.1592077834661616
3.1774778939032737
3.146661386471386
3.1492371425148127
3.128144975318465
3.1219435230244037
3.0983054663321767
3.09342791521272
3.0791661605354426
3.1075778411802397
3.0378645113272262
3.0729470453983128
3.062941293152728
3.0209803137668345
3.022966845090999
3.0114065623560617
3.0147917561752853
2.983512197816095
2.9966090665769207
2.9935335327488506
2.9846325649540555
2.950150098218474
2.972592378309531
2.9778673394705897
2.931762799043064
2.929071001766264
2.9400138011736465
2.909900098923565
2.9338324795397677
2.9068867215352463
2.919661436894143
2.8822699186875838
2.879531503647797
2.876230772613555
2.862635938811672
2.865931992729505
2.846298691376235
2.788470351765322
2.7869538248971453
2.840984425341436
2.8074850872043493
2.8174219922732937
2.801415362676909
2.7858047972815907
2.778112256365229
2.7706660325675045
2.7644652234491454
2.794753290539564
2.752135920432187
2.77355655069037
2.7336728989846946
2.7087927862655286
2.771349705813467
2.7335455080335453
2.7573338400485903
2.7247313470110415
2.6855983550465385
2.7364469555228257
2.674393661377966
2.664306281495464
2.689857532234155
2.678985547649768
2.636506658076316
2.6867038888293644
2.6384940229414044
2.6475232371757196
2.6173435680625974
2.637526495974193
2.6036223223967148
2.557426450441974
2.580752892087596
2.5713687317315923
2.6022922660029213
2.579392211843831
2.556496567273325
2.62213530062243
2.5145416294419487
2.5225302305563475
2.5423393132843715
2.546133139567782
2.4975341782551403
2.5544095001248426
2.494011537973271
2.5054514601018076
2.5609272455060204
2.520931125611298
2.497613304922747
2.5091632261525754
2.4488520594530327
2.423180029720299
2.477317148054293
2.46593667716943
2.4999007388602856
2.4416375842898392
2.4672256895276004
2.441393578699393
2.4571110735567965
2.4694658384997714
2.438745050236236
2.38105298532534
2.353596807334774
2.473889786836713
2.4106029754923295
2.4331654851981837
2.3633401653794355
2.4092289248640224
2.377530427981717
2.39229570999164
2.391357959471932
2.4089733317147854
2.3972279677788415
2.3892423629529715
2.3767374539098074
2.356637551456459
2.3524146529362184
2.3330186816842056
2.3119467507268108
2.367124766226887
2.3336927167666977
2.351078994514406
2.3264567379572596
2.3250333071910134
2.307068184826725
2.348392603355785
2.3193792609512345
2.3425638677999956
2.332775533661362
2.2869852971892026
2.310295717545258
2.286411751610364
2.3107664935117542
2.3053058793609456
2.247986857281175
2.2861507582341054
2.2488060982883438
2.22954721471598
2.261437649874724
2.256221664044284
2.2991503383531127
2.2303162084300387
2.2442266261854837
2.2506952431312826
2.249896915499554
2.233107805367588
2.22053625532823
2.233643020192782
2.2073171113350596
2.281596675053123
2.194022305598555
2.2041342591130455
2.1961819654287296
2.232340463141138
2.186980122859164
2.1989876431550166
2.1989452977513158
2.1866346383972686
2.226121336799259
2.1941703771666963
2.18207817923191
2.205179149674815
2.2449609477852666
2.199311691776727
2.173717414685922
2.202986403029094
2.1876797629881275
2.1805638481480205
2.1705561134704325
2.1572756477335626
2.1589477151170255
2.1832653957512953
2.126800450243691
2.17254661474117
2.1977919214224633
2.1229782804500226
2.143586640787679
2.1309712612351706
2.104232015535813
2.115042040745417
2.1896503312412157
2.1728556933560115
2.122103916813237
2.0980205569387405
2.1491327669269356
2.120723928245463
2.1307542028353197
2.138042541552884
2.146953900308572
2.128881154134292
2.0969344004411106
2.066194455059924
2.120128357017687
2.0611996224453284
2.1227223414552303
2.0882908808168517
2.131696408686712
2.1189821311669754
2.087422924794892
2.077694151637166
2.065149642353834
2.0577781559653983
2.1150928273681524
2.0916838876960813
2.075427180574846
2.0765355885490893
2.0821552704008974
2.0742435852686563
2.082403623780539
2.0637282605550085
2.055694662092268
2.0729601257300194
2.022707289734552
2.123227649072344
2.062210790408674
2.0887916612532713
2.0486509005228677
