3.626284076303951
3.173143128151047
3.1117392620317963
3.0784369309361272
3.053830817853168
3.0355295909605013
3.0226568806335283
3.0118569502701704
3.003515561658534
2.9982992342707173
2.9913333628964427
2.9831307365678197
2.9792314431798648
2.9765821255583793
2.9702648978147166
2.9684907707654205
2.9662919778910024
2.9630064414542856
2.960286055999594
2.9560286306502968
2.9542635756995166
2.9525411081385133
2.9505219935373908
2.948225765008027
2.9480675087231325
2.9437756661977788
2.9420214276537004
2.941195012817678
2.9403495656450493
2.937646025123017
2.9337319104038704
2.9361912896286393
2.933739353020375
2.9320604197110143
2.93050960321948
2.9282604663816425
2.9284741698945016
2.924998851111448
2.9256411398143523
2.925488614129594
2.924093753239816
2.9234844851434247
2.9210951938074987
2.9197398046054692
2.919426232630801
2.9185126606494225
2.9187059964535957
2.9163241650088065
2.917525603681141
2.9145838211880593
