2.596488407470299
2.50971125816742
2.4542211576367494
2.4116082954646676
2.376500390847992
2.3617095272966835
2.3396945537421256
2.3169232333214356
2.289897363715722
2.270296781618305
2.250931300031655
2.2283573773840684
2.2184654080641395
2.2003312817685634
2.184210927846366
2.1659132442679225
2.1536803390165833
2.1402504570516734
2.1234246773163084
2.109892748459229
2.0940626018768707
2.0732702934112686
2.062215605454943
2.0454131684157564
2.0383082416021487
2.0260408305651776
2.0221433511656657
2.013569432598754
2.0024936916772447
1.987623184420341
1.9833857042001692
1.9748752363709197
1.9694733264819457
1.9551184828798809
1.9440084048288626
1.9431929504401901
1.9296303202668117
1.9134520389283063
1.9100211586039115
1.8953026479947888
1.8908211293825603
1.8796886258804093
1.865424894088529
1.8589582742822695
1.8493807346248958
1.834174277708445
1.8279576732623595
1.8194012488122253
1.807765388719308
1.808853479277829
1.785049022357981
1.7729425360655537
1.7692187859873938
1.7571825159374284
1.7566706711854423
1.7419716167959853
1.7349599625620484
1.730928326540921
1.7246312084785966
1.7233253991463704
1.7160862662524818
1.7110771752955
1.7110330482747074
1.6874211097066003
1.6840006240131913
1.6875917721076716
1.667288540126088
1.6641992713897686
1.6581833376326287
1.656178103133143
1.6515238312838239
1.6460617126427628
1.6475002307681055
1.6370315764299797
1.6228237238397505
1.6230717102703305
1.6149836723949327
1.6102798491960302
1.6096126051219035
1.6012740531855354
1.593007233860422
1.589956363254478
1.5843589882526867
1.5848288117355005
1.5760622945561007
1.5662469385199842
1.5786569116833802
1.5710669291186115
1.564257086246243
1.5637200430124645
1.5535440781085017
1.5584031174268937
1.5481837107047116
1.5426793098054725
1.5541945823410066
1.5537561820619419
1.5428409849300864
1.5421442375794332
1.5305906937868226
1.5261645329588336
