0.8314028749007262
0.9556307267091556
0.6764845404930726
0.2835976486812852
0.32578547612459724
0.6184872552483737
0.4250817596912384
0.4872559557457964
0.3133099189621652
0.40060403548882817
0.31679916823794224
0.4240032401018009
0.42608198941590075
0.5149067581774954
0.5129666013086965
0.7088545227576353
0.6796400205405776
0.515595787273858
0.5510182387843161
0.5553809170254724
1.5953572634943503
0.8201980893024223
0.896715652847099
1.58435767482899
0.9235778840366967
1.5635984324978922
1.2496193699941844
1.9052964226755207
1.8742242744547093
2.791278674033935
2.5811713119308073
1.1587446122943519
3.0373545476573263
3.449307816539833
2.1833649787730827
2.8214020922571
2.308870024098184
4.897769484109057
5.020228848428669
4.419789203422103
3.3709967059936217
4.227682529804941
4.731686313071089
4.019202955739054
4.337575456661308
3.3565038569226773
3.8640595767684354
4.124085403874307
2.6813614698115713
3.186509400904776
3.5681152893211654
3.794109295747562
3.346430384802197
2.3930800395881486
3.202483612454248
3.7060554491016333
3.2328374870793377
3.6320453249142024
4.648365860233803
3.595972779757513
3.5866553396404623
2.5713513521010984
3.894184115893377
4.373254636485496
2.7922716941049917
3.285927149480235
3.4780227698400648
3.5814521924288334
3.0873788210576425
4.698192119598389
4.542176137706321
2.9874468241521495
4.201384353733254
3.3096861576508423
3.32323219350918
4.101587716467634
4.615491596156944
4.477497775473433
4.684197817154542
3.3775222970392997
4.219519196149103
4.354839488834083
4.2279198685724415
3.7617214017497274
4.519847286965899
4.998338469044718
3.054772100611058
3.871996137087713
5.170458878687245
5.366670566474746
4.937252877948279
4.333369552730797
4.539254465179596
4.726078346401513
4.651458464547962
3.6723100035367366
4.525139282127181
5.509875085406408
3.86649273297113
3.788988753167804
4.281812642045871
5.464947992909647
6.480949715287508
5.167712899630438
3.7853655423334462
4.9364483628817695
4.720558013132435
5.14576473694765
4.402894039670069
4.822215606311041
4.939160281049465
3.2526561977390296
4.4471421614438595
3.855156818707147
5.017458639546243
4.544408071017218
3.609462682613151
5.22627211763768
5.035827996018893
3.723910684814912
3.6331540066636876
4.6967363586884465
4.992182800430573
4.50875776564191
4.727447655970205
4.990870906738098
3.9605067320959364
3.633067623646799
4.395038951136067
4.126536487338538
3.8745813092631187
3.969542227192728
4.10997101778019
5.9364107386143745
4.3342106026972465
3.7094928993729646
4.251344869992059
4.376496001092609
5.8087622292772805
4.552722602664589
4.85746029431452
4.096474018268929
4.809123786513457
5.003230467588008
4.282036225160281
3.4629188678068723
5.310911836031683
3.9162783594074133
3.403001675385989
4.771480524946071
3.8965735206145324
3.9460760978515257
3.9492350527662077
5.422279583428331
5.27375461486633
4.0442363255487415
4.585647237085866
5.40601817304959
4.721198757569154
4.897521326680461
4.400505527465759
4.019706157978646
4.489407596225012
3.761582594835209
4.54416052994126
4.262601396602714
3.9547975584118067
3.6905532236806375
3.446555425982198
3.5642941112747653
3.9146565573965617
4.114068537293551
4.714536814985868
4.369807255769779
3.866634360296215
3.494642680537008
3.1794118408210768
4.265713705089623
4.262238004642403
3.4039325890894645
4.821728741716527
4.290549721650944
3.7556672287369537
4.763195344106945
3.973655599391532
4.580216314606294
4.0816032279708345
3.695840492993892
4.382130750912225
4.196315142816914
4.605341373321289
3.5724341778573625
3.772146945964836
4.24239537711134
3.9678445693725095
3.5300043259928366
3.56812886365191
4.141191903479353
4.280200967330015
4.682718893807971
