3.5247134701457132
3.37464115866857
3.367007677176202
3.3598996939700703
3.354942668431489
3.3621553649273954
3.354625937550567
3.3461442218385926
3.3495319967353065
3.347769737070383
3.344455797485141
3.3387565736969314
3.3376184126665427
3.3379077989348147
3.3349891002326046
3.3300214134329975
3.324169793736565
3.3207416920814405
3.313500066020692
3.2887951700493345
3.2304414627972498
3.181736486018166
3.142342304074487
3.1035236543001132
3.070151997860088
3.0361118063099624
3.0019154890563136
2.9633903463566025
2.923123068125673
2.8865877864665763
2.8406171831049662
2.795928331481856
2.7556443932329038
2.71222136250531
2.664522753725218
2.6298751888233562
2.585627154497675
2.5484498088905054
2.509828909942808
2.447275721460812
2.406273048399955
2.371044953144336
2.3338596324125924
2.2960248099741087
2.283939608885336
2.25512841274572
2.233371559097323
2.204940526984459
2.185454129306383
2.170936023542123
2.145173999632514
2.114478189353795
2.1048487072247406
2.084385019777588
2.068279506393181
2.0486825915385585
2.0452220070847247
2.022624428795521
2.020844193709682
2.000692641723526
1.993408935823182
1.996663178526616
1.9673774198506229
1.9594807124646134
1.9415785822757454
1.9262276592469492
1.9261870770318101
1.9129877249861873
1.886868362105632
1.8841664301910142
1.8610696770943875
1.8401693773650847
1.8006582499532275
1.8000044371903867
1.7536919334426868
1.7530646783321402
1.7247205207398695
1.6998271342626838
1.6991577570348284
1.6841483209715333
1.6640742571894513
1.6349462160421897
1.632985317574222
1.618084351972554
1.598380098624747
1.600379019946784
1.5656030154967493
1.559622000238692
1.536612681755724
1.5356534113890903
1.5255706768280777
1.5100242926688618
1.48139043611496
1.4908492677491303
1.4866678527910118
1.4656177702569222
1.4720657614254675
1.454400030015282
1.4286202030010926
1.4237239632553371
1.4220085233276667
1.4150901523440382
1.3896329455193162
1.3852667221149733
1.3849009507617285
1.3900463893547539
1.3581251218452934
1.3630260648711245
1.3474392971211626
1.335894897089217
1.3155690112490526
1.313856929800538
1.3181015877702902
1.3070621368034865
1.3005062380964443
1.2936858388977919
1.3082500210161818
1.269465718447238
1.269042304493198
1.2713701404169087
1.2574116938798003
1.273804820814105
1.248204500205064
1.230833131098008
1.241543194582296
1.230642177612167
1.222094394093336
1.200545050463704
1.2225164361298084
1.2108008002270332
1.1869952899310017
1.182969730867203
1.17912970079008
1.159180439055659
1.171033181596634
1.1683625147439713
1.1820320834138596
1.1523317709969458
1.1427156905275444
1.1343529797195233
1.1596739042348179
1.1591964132881674
1.1292487812307916
1.1230097913955763
1.13941503024494
1.1257519183983637
1.126247547725721
1.1036946676642627
1.098379677753578
1.0946668262283008
1.0934918613512388
1.1067946044973624
1.0896476509208366
1.0925212168069773
1.0779846126805672
1.0943134627774243
1.091537976146553
1.0835223124875117
1.0729148012925258
1.0720662694828687
1.064137874994167
1.0438751737883156
1.0621323880790048
1.0613901391769796
1.0514536767533815
1.0528006125674692
1.0520899071134338
1.0505153974157202
1.031376543808584
1.0431247727815496
1.0411253067296604
1.039699106022369
1.040022898234369
1.0275971503971622
1.012527513671522
1.0313067757632843
1.0118494590296763
1.0273025205662085
1.0082573484080706
1.0174384097200493
1.0085439226741708
1.0065792129165674
1.015505509768692
0.9967605828257032
0.9879305034211671
1.0006173118631276
1.0065199213405682
0.982822331116181
1.0002050379276737
0.9880816996415225
0.9785103804554588
0.9898757436132246
0.9874668806329254
0.9538081463917282
0.9716608631893877
0.9753850156571283
0.9667122527783694
0.9846113758204982
0.9861434539852216
0.9579678134949401
