4.937478667428327
4.127656318189562
4.054076788845912
3.982335140769796
3.951441350948903
3.9073344316593435
3.8800678915062616
3.877697147602259
3.875420422748078
3.8577397060255674
3.848784013427505
3.8451139724762866
3.866043294816054
3.8583900815294694
3.858155816446903
3.8674178645592328
3.8593111599600594
3.8797431721012723
3.887880744744641
3.9200924040042153
3.9563436898612236
3.9798603524533354
4.013715212081754
4.050618528164635
4.072915721193764
4.0749925920205525
4.0814698458642
4.055177137255669
4.063920596080233
4.033268732040427
4.011570205868677
3.986836174430773
3.9706688321145007
3.943976169177728
3.913978380750316
3.9138860339804213
3.884450152400852
3.8679056462160375
3.8647293003723604
3.827711516341498
3.785764746425688
3.772654615862425
3.7357118677261263
3.714250180148339
3.688712681217711
3.6638334749280945
3.642861056812974
3.6224488418462664
3.5934070762275727
3.5747318901987963
3.5245215017204137
3.507927662180376
3.4934100694665613
3.46655256376248
3.4477436409671176
3.431758172752321
3.4217824204716574
3.4035315908664883
3.398780205453089
3.373167888369671
3.3701173871062524
3.363755283140859
3.340709133261396
3.344690216835155
3.3166357197387275
3.3116135374866715
3.3038754898101783
3.2882820058816162
3.2731170612712237
3.2747380881924038
3.255914502943209
3.2413944187898966
3.193731385896834
3.201237816103669
3.1527294938762984
3.154770969247171
3.1232535129254178
3.0891293917399967
3.1050233575262767
3.082666782965494
3.0602222616935886
3.026176766254181
3.034331779320573
3.023442819541277
3.005255917188271
3.01881661046614
2.988779374448828
2.9727074503321056
2.946282212990661
2.9579221035043397
2.9416442384669024
2.9433069446867752
2.902907924423384
2.9131835726226947
2.901077346804068
2.8935435670175296
2.894091135713943
2.8611477524504183
2.834246873335783
2.832930710080058
2.840945058090742
2.82001783750778
2.7928213280762813
2.7725065739233363
2.7884458812863326
2.7986414004550424
2.7591382574665455
2.767218472248362
2.7558877419016157
2.7408069269948228
2.718390462010406
2.7143072476105172
2.728045236752477
2.7112234526479893
2.706234825962736
2.6910848772340965
2.722973226634569
2.66346429796644
2.6670210790611053
2.6680884304088215
2.6357717909669693
2.6773241166343063
2.640364118497963
2.615789773563544
2.6333636972446772
2.6364730741511018
2.6159868031278135
2.592456972183183
2.6163103377749755
2.6007129943301512
2.5680566314001414
2.5557531938534375
2.556522472537765
2.519573129424753
2.545485472147779
2.5470126454913338
2.569185937155587
2.5115146390342895
2.5095010523994765
2.4868206270327864
2.5290334177918212
2.5314932267448698
2.482963707731214
2.4796892186236934
2.4880388532729114
2.477929198060387
2.484460654589095
2.4378033082268034
2.4333593800894975
2.4303330779653187
2.4359511879178903
2.443004315906717
2.437147530878699
2.4266660143007606
2.396055939989959
2.428353145891844
2.4286724782382794
2.4123895036619762
2.3936540531788686
2.384027822188629
2.39142826517192
2.349268797929435
2.381106002097444
2.3690736621849298
2.3534407506501953
2.3635053219952327
2.349811694187711
2.354338171119376
2.320284662262876
2.341628301744313
2.34051688258038
2.3394731119737147
2.325222624826801
2.3174964687967483
2.2861134296124295
2.319743630671224
2.2854273343502087
2.3152915953203688
2.2916556156651917
2.295444608254488
2.2854827016361
2.2835026870286743
2.300959585479988
2.261048069295957
2.2452089925144993
2.260959820403147
2.272039615599684
2.2325128858057104
2.2689620922355687
2.2405486653248468
2.228123326403226
2.250324568487415
2.2362160543485206
2.197338788142038
2.2140320739311767
2.2173739465516666
2.215396578228751
2.2392452695342
2.230889259902544
2.187851703386436
