2.2162915929472873
2.1963165846003028
2.23250294350388
2.217357216861497
2.2286172539028977
2.2153244616287613
2.2252676762743215
2.2048585477880316
2.209031502209028
2.192183068940806
2.181181608629048
2.157294888183861
2.1499290896722907
2.15684304596717
2.137126927184274
2.1293163087029363
2.123245639202061
2.1205514474117235
2.1041218297372826
2.1125562298493263
2.127392231224349
2.113361453282155
2.1010266178366552
2.105546967600095
2.0933950584551146
2.09972388695841
2.0863999871631336
2.089186399304873
2.0825468479782034
2.0603344860994297
2.053269402531919
2.0487390547479305
2.0425891377064005
2.0493030710970936
2.0485983003480714
2.062648904234112
2.027428635749487
2.0149116851408424
1.9839760663464714
2.004433558940295
2.0017666738519857
2.0019880681177864
1.9979378065436932
1.987196450582347
1.9829658940085773
2.0079802301495966
1.9786151148474878
1.968555819448575
1.959577638889353
1.962450828012755
1.9469815565434587
1.941159965002811
1.9222868390771555
1.9243742976080425
1.9056594564636666
1.9018375604596258
1.9161609958425232
1.887831750796538
1.8926398890540965
1.8912500225485829
1.9086245956086079
1.884298534538617
1.8745352813865679
1.8990437077956255
1.8827230695273511
1.8954906384745813
1.8523640305394402
1.8870681687908162
1.8533845890205016
1.8826937634735343
1.8646721407543956
1.853944323452736
1.8553624159624322
1.8534822202154633
1.8476661464006359
1.8343484525846772
1.890019173764979
1.8465812155855197
1.8140889994538327
1.848699523941359
1.8296704119100384
1.782260597736309
1.8434114830915358
1.8400340040726457
1.8052386134810685
1.803791108607251
1.7830570520435378
1.837296121133295
1.7991663102137232
1.7803023834780272
1.7552469471274945
1.8232912512442967
1.7682070270728731
1.7540811014501942
1.7799775158423743
1.7659203763171056
1.7682985210918951
1.7614824084868084
1.7739571048947669
1.7764290538167762
