0.798305816425828
0.47165105559066206
0.3674817060779235
0.31485381812036395
0.21669590888257495
0.24100236409532283
0.3127902673934409
0.2857157441681038
0.19320681792700697
0.4193874437488869
0.28634797929522987
0.24835985516737363
0.31721039453823724
0.20065424279244487
0.3026471111124646
0.2444852982350963
0.29603518554586206
0.22090058276552954
0.2517518976886191
0.2751748128262216
0.18688019047041454
0.15496197462320804
0.20918741120484644
0.16765761877109628
0.21165163788145672
0.14861045950997567
0.23240549333826574
0.2629967982281664
0.24472964750621506
0.2848161072554235
0.2848055679239109
0.28984572677191844
0.20050283071990005
0.3438805814138156
0.1977682513201643
0.24807929912048254
0.25920768574865644
0.3387966516739381
0.34249579548119063
0.2885862929309776
0.30700951748954985
0.19714790307926033
0.23126760650732237
0.24630160755169894
0.20732324828724105
0.2988872221691575
0.29339382715359
0.31128105742181233
0.2744633387587591
0.29805742714830297
0.2766597092987779
0.401509366854876
0.3449050446072657
0.37861063305982845
0.1596062060647116
0.14435627241292315
0.38864964706625393
0.32849650661309876
0.3977589534972617
0.35073232334219145
0.29620906800210833
0.3371163102572332
0.41840291286040404
0.3997635053608843
0.37008319314352733
0.22985899424505138
0.5012415206742907
0.363461752214986
0.4412909822019642
0.4893468081473349
0.42704121084633717
0.4449455416154766
0.5102624135886977
0.4228087814155227
0.45381689131379366
0.27517724329818466
0.31790517828985304
0.5650505869087571
0.4760267984174296
0.5178900333588013
0.5643977571823793
0.5295628138438973
0.5405571046238672
0.5495833331692912
0.4054135048915007
0.47197996351666344
0.4069258239202366
0.4639614166501529
0.453286144203079
0.5755404769060368
0.5138834232318855
0.48727609482939116
0.49893655656334873
0.42411365460059447
0.7126355015920972
0.4499516211196273
0.4044566033837313
0.41315771869284834
0.491220729265041
0.5459699267614819
0.49665185713576887
0.33480863371688524
0.5147480075966141
0.5620373843428128
0.3967324124428934
0.496411692164465
0.4515688931177518
0.5932076556649141
0.4347951911494345
0.47093539593931666
0.3049533512883769
0.6060092163707068
0.6368871006315839
0.5277471516079798
0.5588392665486537
0.6367992648858585
0.40795600474000215
0.6258432727777409
0.5266139994642299
0.5106719009623021
0.6459617212205707
0.5419399553167079
0.4964692962910226
0.5139889322923037
0.6184927652737421
0.5510298947771948
0.6641899666231954
0.5521946169570358
0.5983158538718979
0.4418227548350791
0.39146812920102136
0.7052103545001609
0.43651456261923416
0.6689556376011911
0.588461787046077
0.6381222049076715
0.4906862086666849
0.579950070094489
0.6558496837386626
0.6149260115050122
0.701884989628572
0.6494425777681844
0.5506015154785049
0.6226118344343258
0.6307391174331696
0.6876148964933498
0.5819033041506827
0.7893607431279872
0.5696269526988089
0.5430753630005525
0.54930431510738
0.5907589960432722
0.6360204803919745
0.6193423789584326
0.6020284077686394
0.7614291489482643
0.8927503598476937
0.5886913896323683
0.6045130030186716
0.4553095316719674
0.5372713511596939
0.5015565633534907
0.74488931918192
0.6389201178340491
0.7794424868776707
0.9264949213765666
0.844489203665204
0.7821753197060319
0.6952944180530632
0.6665370743833706
0.7012911702922446
0.8710488784528209
0.6398899098914229
0.6794140778467029
0.7492519396101545
0.8014229113209941
0.6838696019682952
0.7671721849986212
1.075236969099255
0.6814743176490845
0.7393972538038341
0.7228237317654795
0.597260872562806
0.7720063601084844
0.7955248873076124
0.5876530473361273
0.7251986019119232
0.9006486925667895
0.8266749544468576
0.7329075423653475
0.8903026371776221
0.7396564207717269
0.7422162679010976
0.8389329750217751
1.01886486027666
0.7186855981966298
0.8286081294497412
0.7815497638228422
0.8675946570589451
0.8931856197202372
