4.049143836914914
3.7251329705553147
3.659795221773166
3.582672837289792
3.5231046526177416
3.493460436469143
3.4427471594903074
3.432466798615687
3.416058837788776
3.411072937030237
3.3849293387051924
3.3847398468591634
3.377095175599589
3.37439136134768
3.3801310791552646
3.367360116787327
3.366497650308516
3.3682279378465076
3.3582016652070203
3.362451925439742
3.3631922996159895
3.355887259673146
3.360355100585419
3.357474551038835
3.3507117409150577
3.3529169588413055
3.3514658600381275
3.3499998571803267
3.3523812166695457
3.3515590006865343
3.3517138998485305
3.348263803037625
3.3481362444683187
3.3474506648998816
3.3491423054806235
3.3438882249072917
3.3451357454929536
3.3423587581486376
3.3450221129991475
3.3434456193331377
3.3412571433678413
3.3445790653089875
3.3442069552477123
3.3446580842860696
3.3413740622187125
3.344109512648536
3.3394308541584943
3.344719553456723
3.3403530358110816
3.3403332019315184
3.3418563720092034
3.339683940109697
3.3414445855085133
3.3363445059767045
3.340120108960902
3.3377428575626853
3.338532224442195
3.337214464701495
3.336965106065991
3.336389020230006
3.335802093292903
3.339364551224755
3.335117497490448
3.33541327020497
3.3367933602009003
3.3333340431880023
3.3332388626718985
3.3347146007621173
3.3287705680699022
3.3314469832818485
3.3338777567576434
3.3283359697721537
3.3368967447466065
3.3280879120224887
3.330168501265998
3.3333723597156193
3.327172865566698
3.3275842180529844
3.32877514084566
3.3257532345438467
3.326191828088853
3.3267810390990915
3.3281258715009225
3.329108662396959
3.3273248070652044
3.3246270186692763
3.3234116741754476
3.327731810727166
3.322899823628583
3.3243813184858526
3.3236749577290805
3.3245248476278433
3.322106286738683
3.3227381428468576
3.3258295238596722
3.3246368679028113
3.316870430719505
3.317353745687355
3.319512508447888
3.3254562656856277
3.3178022862638086
3.32137095812455
3.319812887501948
3.3181950675631033
3.3197067796605304
3.3178290771049204
3.3171610103070157
3.318161411192811
3.3163736312134753
3.316937518929972
3.3138476396069945
3.313256925749547
3.311756639225969
3.3106629709595614
3.312153317974609
3.314105018828679
3.3133106769867315
3.311894480464528
3.311450408500375
3.310716390609741
3.310596782605625
3.3127359649510058
3.3122691112814597
3.310483030902529
3.3134926146673926
3.3125195821512095
3.311642019494066
3.308834689334758
3.3084939735607035
3.309448454565215
3.3056387345767715
3.3038709817580805
3.3075408449450743
3.3081496103296004
3.3036713455487225
3.3071547301070203
3.3084223247268825
3.305313928613385
3.3051740041056883
3.3056141161224217
3.3090943908228456
3.302340985501854
3.3029385162788687
3.30380551444674
3.3015787283193716
3.302826612319761
3.302240865901836
3.30345067989479
3.301400588554086
3.3002779576384906
3.298545182329937
3.298646573881501
3.2991766287285147
3.298302611101021
3.3006242635180647
3.2975977300440222
3.3001949503583816
3.2937724584514654
3.295411679351214
3.2958345523158323
3.2984930438902773
3.2940775445364054
3.297910905578761
3.296345038321412
3.2949941760127985
3.293773980973994
3.2926613549584323
3.294139374228357
3.2918442753912176
3.2945004267599978
3.2933094669314262
3.2918574057736443
3.2896888499121064
3.2894406156632505
3.28995019197464
3.2863545157377003
3.287578824654366
3.288212424921758
3.2885665853046677
3.286784958492205
3.2848617272469602
3.287971798656056
3.288542584886829
3.281457050332745
3.283370108280367
3.2830561341591253
3.2853742542776088
3.280180395806877
3.2824545265401452
3.2807052245417845
3.2786786018066034
3.279229881694016
3.2775356017270134
3.2795026354419377
3.276654624244542
3.272639427370238
3.2729803971873905
3.2689530149246884
3.26867548643964
3.2716373378790697
