7.014664853660806
6.012686720172178
5.7260550665623935
5.41732748619561
5.150315373846628
4.906066600558828
4.700591542188404
4.559558485318156
4.452055216992943
4.369003664521338
4.27364200411491
4.21644835796171
4.165941318840656
4.141088481088286
4.102327067296482
4.068426044820582
4.041721707987554
4.03195555638341
3.997655889362965
3.982820874278985
3.9769187708502836
3.95389896746978
3.9476502624530236
3.9366644082717523
3.913466827962005
3.9193999929335512
3.9083161562391857
3.8968170163700884
3.8966964778390905
3.8833715024503688
3.881212749527496
3.8700543202242805
3.8617615780784087
3.8616901422009886
3.86105647422735
3.848450270671289
3.8399822295290753
3.840476606077361
3.835681360323452
3.838734096693761
3.8330434769102673
3.828861451264724
3.833514817131376
3.826094059110845
3.8208940538387854
3.8240702829314666
3.8198350077693903
3.8217024560113555
3.814231952417244
3.810399596552247
3.811105199809213
3.813017942951721
3.8085634471143335
3.798603754020432
3.805247931804472
3.8017577546314127
3.8036541180703245
3.7981943673300513
3.7993615697888496
3.7896445520873208
3.7953348576443866
3.7973938237116176
3.7905339569721406
3.791052421319832
3.796424717579073
3.789216026519109
3.788263187825101
3.789608688030428
3.7836916764963022
3.7844902653138615
3.7886669329069194
3.785422497003981
3.7905523042077
3.7803392821145287
3.785548447983936
3.7884999924493066
3.7855420951704377
3.7870625610490447
3.7836633654474054
3.784326131482726
3.782274845734383
3.779106318371967
3.778146076549604
3.781669233609172
3.7837558110940805
3.780018947078186
3.7804047853043934
3.7892115561707507
3.7759224789813883
3.778184918523992
3.781906129665745
3.78100983610431
3.7865102221664872
3.7841564278000765
3.78452714901526
3.78168114007098
3.7785743677500383
3.780166835460848
3.7843802513428106
3.790635270401112
3.7866563739128485
3.787603160131325
3.7841646584492286
3.791849660063253
3.794600828758721
3.7853178868015993
3.7867644857434395
3.786786654041809
3.7870749073121153
3.7891714063662927
3.7890920858938717
3.787209400274221
3.7866432799876315
3.791733193166048
3.7915479031581323
3.794751709526025
3.793851985514743
3.797115346760426
3.7950721446750233
3.7963476759716146
3.7981721538941837
3.797638368259356
3.7996783048203846
3.7971534335497514
3.8085823267408947
3.8060549740652436
3.8061957139413334
3.809484618381389
3.803634380831302
3.81192287484419
3.8017040849889367
3.807327990971723
3.811778551166497
3.815501729840214
3.8087516050894283
3.816170331343864
3.813661367569155
3.8152802158327934
3.8137256045943326
3.8196731337065835
3.8155685344946035
3.8161973264610882
3.818684887538836
3.816335389915022
3.8165211231963148
3.8247236615245783
3.8266329985220455
3.822679010988439
3.823741570838447
3.8289682980879998
3.825272486626523
3.8251579739515065
3.8271151017216805
3.822987151956095
3.8275460936490773
3.8278615295308307
3.8297449518175957
3.823647687736067
3.833932579142376
3.8304797150556325
3.835368875739644
3.833941959640355
3.841397802806595
3.835733486610709
3.839682300692623
3.8348964742086467
3.837809001936496
3.8377842642728566
3.8423225897029765
3.839779387978674
3.83953422192231
3.840263046107246
3.8414130251384475
3.842528999430462
3.8439382088994516
3.8528604976181846
3.8448502843819776
3.8487110896017946
3.84655925718326
3.844506593005171
3.8487702231962704
3.8527153383180934
3.8522323485717034
3.8507042590854237
3.8543330077986115
3.847967578369437
3.860422232776012
3.854549933405756
3.86123143990063
3.8604642332178876
3.857765898542497
3.8579240869549873
3.867504570090655
3.863558516919034
3.8616383179877567
3.8621408302807114
3.86949938998639
3.8657588050203415
3.862640561409367
3.868819799238038
