5.615330197594383
5.935647335919467
5.933688532222401
5.746818174015392
5.970745476809415
5.986224347894842
5.811217394742099
5.757928133010864
5.215888565236872
5.362229694019664
5.308914292942394
5.62872407653115
5.196622783487493
5.360896869139238
5.463309136303988
5.751336054368452
5.361760096116499
5.065927722237327
5.30330770665949
5.096747073260221
5.453701084310358
4.7568910772150215
5.260350552472201
5.011015176773071
4.987057360735807
4.7941576784307305
4.89189304005016
5.3693155158649795
4.821714899756691
4.894439567219127
4.5079289783131
5.606180646202781
4.805035374381325
4.566881093111905
4.654132387854836
4.491484642028809
4.420129039070823
4.5034616426988086
4.75728364424272
4.7828240828080615
4.671538006175648
5.114985834468495
4.848730932582509
4.6442954323508525
4.485994490710172
4.68775859746066
4.492196635766462
4.397962765260176
4.7339443943717265
4.462654417211359
4.116819316690618
4.297815474596891
4.221664905548096
4.85143594308333
4.608024553819136
4.551617730747569
4.490760543129661
4.306267868388783
4.257533116774126
4.266726298765703
4.025159120559692
3.8665264519778164
4.3178700317036025
4.399970964951948
4.282851067456332
4.13965485312722
4.357611287723888
4.4289798086339776
4.15599513053894
4.380523746663874
3.6573517430912363
3.91266883503307
4.270630142905495
3.8272549455816094
3.98590367490595
4.1138715744018555
3.9214260794899682
3.828271258961071
4.119354291395708
3.888966993852095
4.222963268106634
3.7502486272291704
3.688597007231279
4.144885908473622
3.7549871748143975
3.8955152468247847
4.023427334698764
3.9237001592462715
3.848011602054943
4.156497175043279
3.774433060125871
3.829888170415705
3.622338815168901
3.4782639633525503
4.018979115919634
3.613673296841708
3.7193243503570557
3.7133129943500864
3.784478469328447
3.704348022287542
3.6700287515466865
3.632100126960061
3.6344201998277144
3.8273302641781894
3.5382562550631436
3.3580510399558325
3.5299630815332588
4.021943937648427
3.56610614603216
3.6515954624522817
3.6362051530317827
3.336809418418191
3.3021673289212314
3.6433586315675215
3.99667629328641
3.4704078977758233
3.6609725518660112
3.611188455061479
3.1209546002474697
3.4758015112443403
3.506008191542192
3.989672379060225
3.5987735878337515
3.712784615429965
3.3156494227322666
3.2506038058887827
3.606850645758889
3.336363684047352
3.2842495766553013
3.688231576572765
3.195766492323442
3.6257054805755615
3.285717183893377
3.177765889601274
3.285307927565141
3.388844750144265
3.751131057739258
3.1689331314780493
3.1137962341308594
3.0034702257676558
3.5626046657562256
3.400783798911355
3.3712203827771274
3.147533655166626
2.9876673871820625
3.4990451661023227
3.166608528657393
3.580577178434892
2.911601792682301
3.5755080093036997
3.3125612302259966
3.4536613551053135
3.1933154192837803
3.7332922978834673
3.3287957798350942
3.2431792345913975
2.731447306546298
3.1689373254776
3.335086367347024
3.0206136486747046
3.5940393101085317
3.7109812823208896
3.3098275553096426
3.5781656178561123
3.0451881777156484
2.731244856661016
3.0064349716359917
3.3955045396631416
3.3518936850807886
3.1686918410387905
3.0028997984799473
2.9591527418656782
3.139425830407576
2.8206158009442417
3.539250373840332
3.1840113293040884
3.0225445357235996
2.7658426544883032
2.978598963130604
3.041555252942172
2.994070226495916
3.0469404350627554
3.225765044038946
2.862892280925404
2.917192914269187
3.0022310235283594
2.5602935660969126
3.012473940849304
3.258264335719022
3.3647072965448555
3.367364915934476
3.216374310580167
3.3860971710898657
3.010281638665633
3.6292920979586514
3.083498564633456
3.2332134463570337
3.1789580908688633
3.0552710619839756
3.049969434738159
2.6876700683073564
2.7818071950565684
3.172625790942799
3.1305736845189873
3.1636941974813286
2.7237360910935835
2.5766963308507744
3.1030710610476406
2.892762845212763
2.971032229336825
2.8753502585671167
2.859520435333252
3.0407479242845015
2.9370797764171255
2.991445541381836
3.3877015113830566
3.3475469025698574
2.4771133227781816
2.802684014493769
3.21509051322937
3.0896712216463955
2.81964035467668
3.1458125331185083
3.1952106085690586
2.957050746137446
2.9187814864245327
2.6889917742122305
2.906860893422907
2.868187492544001
2.7252719727429477
2.805121270093051
2.8739744316447866
3.0287581248716875
2.938875350085172
2.8864908435127954
3.0268898877230557
2.882240555503152
2.648525682362643
3.099376515908675
2.8178615136580034
2.784027836539529
2.8230782855640757
2.971932064403187
2.615727738900618
2.9418326833031396
2.7188342051072554
2.8541865782304243
2.925643216479908
2.756920164281672
2.614366986534812
2.8889974680813877
3.0319790189916436
2.8034514405510644
2.6688470298593696
2.72117018699646
2.9403505975549873
2.968286221677607
3.0470218550075185
2.990475058555603
2.6333272132006558
2.9949860356070777
2.8415105884725396
2.712130145593123
2.7394227981567383
2.816968473521146
2.6849076856266367
2.6709698872132734
2.680788527835499
2.7222648208791558
3.039295933463357
2.779745004393838
2.3767120296304878
2.8182493339885366
2.7566459504040806
2.754692630334334
2.9924776554107666
2.9721364324743096
2.707892352884466
2.906307112086903
2.7029241756959395
2.6384372386065396
2.4659172621640293
2.6696745482358066
2.5030911293896763
2.4919040203094482
2.5775056427175347
2.859178575602445
2.623868292028254
2.6379377950321543
2.8223412795500322
2.4928852319717407
2.71835656599565
2.7417764338580044
2.735648436979814
2.8112634745511142
2.804539539597251
2.7520999041470615
2.6935625943270596
2.6408597989515825
2.659448504447937
2.4723416458476675
2.517532066865401
2.6312807473269375
2.7820023731751875
2.646079832857305
2.7089103135195645
2.7173659151250664
3.028916684063998
2.839089198545976
2.5748895623467187
2.58570058779283
2.7839324365962637
2.74545174295252
2.86300452189012
2.595737273042852
2.772817015647888
2.903053337877447
2.613326657902111
2.533882487903942
2.7247975956309927
2.6386219046332617
2.7121658758683638
2.632486169988459
2.762683695012873
2.6107485077597876
2.5997271212664517
2.8018146644939077
2.5489912791685625
2.642666990106756
2.6705844293941152
2.8983769958669487
2.7164536172693428
2.7607517784292046
2.7935950214212593
2.8286692012440073
2.4986858693036167
2.429397637193853
2.775859756903215
2.6960206790403887
2.8337602723728526
2.6301391666585747
2.496086933396079
2.5475385297428477
2.39579946344549
2.6303217194297095
2.80118745023554
2.474843978881836
2.58390888300809
2.496565981344743
3.0660867149179634
2.8308638551018457
2.700714046304876
2.9754996949976142
2.5897445028478447
2.4362276033921675
2.7222778472033413
2.539821895686063
3.0440583662553267
2.7435919588262383
2.881459268656644
2.5441699678247627
2.6813891259106724
2.5416688160462813
2.9128640348261055
2.545071070844477
2.8030087405985054
2.9004826979203657
2.471964207562533
3.077060092579235
2.733720541000366
2.5735708583484995
2.9277936545285312
2.61768038706346
2.5870361869985405
2.747887513854287
2.7208485820076684
2.8574540723453867
2.924366430802779
2.4149202650243584
2.667158007621765
2.9315123449672353
2.613427834077315
2.4256830757314507
2.7883208231492476
2.383361512964422
2.513898654417558
2.7976558858698066
2.80501587824388
2.666462085463784
2.378599015149203
2.7421429590745405
2.539738264950839
2.4033720926804976
2.6091870177875864
2.7771792086687954
2.5939746769991787
2.463601730086587
2.6044810685244473
2.51686231656508
2.5784309777346524
2.8518784154545176
2.733449177308516
2.749887368895791
2.5885960947383535
2.683147007768804
2.526229132305492
2.9221854968504473
2.4676426865837793
2.4149056022817437
2.314147662032734
2.831820412115617
2.5437058210372925
2.951028986410661
2.666658813303167
2.9623444188724863
2.7780457626689565
2.3900234265760942
2.667778405276212
2.6437594186175954
2.6936604218049482
2.6612782911820845
2.7881792675365102
2.7679551189596
2.770289984616366
2.784527832811529
2.5492367310957476
2.669176470149647
2.625874725255099
2.6336648680947046
2.805011651732705
2.5593080087141558
2.461826031858271
2.5784566402435303
2.782786423509771
2.4937200763008813
2.567793748595498
2.6900424632159146
2.885534232312983
2.5610220540653574
2.837910397486253
2.58601083538749
2.559231319210746
2.618765191598372
2.709829005328092
2.682811737060547
2.5247459303249014
2.573047312823209
2.655503890731118
2.596501111984253
2.7270976305007935
2.454081665385853
2.522894165732644
2.83580004085194
2.7770165746862236
2.633785453709689
2.6809997883709995
2.6625929095528345
2.6879713101820513
2.4677817062898115
2.384374726902355
2.605370456522161
2.873833038590171
2.5783972306685015
2.7510387789119375
2.850627303123474
2.87196666544134
2.871484463865107
2.7608082077719946
2.670348741791465
2.783238345926458
2.606150204485113
2.6551438028162178
2.7353240143169057
2.6137263612313704
2.630837082862854
2.7245632951909844
2.6019944711164995
2.656477147882635
2.6116039752960205
2.843513618816029
2.7950613607059824
2.5741496736353096
2.611211744221774
2.681756919080561
2.35426865382628
2.425296729261225
2.4925471435893667
2.568895318291404
2.503527256575498
2.790517048402266
2.807329134507613
2.7514003948731856
2.4603220332752573
2.4936566786332564
2.636977022344416
2.3301611922004004
2.7258915576067837
2.6802350824529473
2.451410412788391
2.707771214571866
