13.184647820212625
13.231904983520508
13.449527046897195
13.391571044921875
13.751586480574174
13.529993230646307
12.95931321924383
13.245828715237705
12.349135919050736
13.036844860423695
12.42777477611195
12.912005164406516
11.924484599720348
12.054450728676535
12.391915321350098
12.802853324196555
12.408128044822
11.89845050464977
11.945406393571334
11.782389987598766
11.921030564741654
11.338462569496848
11.864093693819912
11.133384444496848
11.650458769364791
11.237991939891469
11.490790367126465
11.931248838251287
11.030430967157537
11.077082287181508
10.503539952364834
11.523548473011363
10.90008848363703
10.31895620172674
10.526405941356312
10.237047455527566
10.664290514859287
10.654443827542392
10.49427569996227
10.406882199374111
10.508596246892756
10.653776255520908
10.658954880454324
9.960590882734818
10.142483537847346
9.935318946838379
10.019298206676137
9.801967880942605
10.223803866993297
9.537817174738104
9.290183500810103
9.484580820257014
9.728945385326039
9.709098122336648
9.708757660605691
9.852178400213068
9.717187708074396
9.291783939708363
9.087517044760965
8.950959639115768
9.173446828668768
8.915466351942582
9.287405881014736
9.034585519270463
9.108225692402232
8.825832453641025
8.920174078507857
9.360928145321934
8.365287000482732
8.863716298883611
8.219120675867254
8.153847564350475
8.578144767067649
8.425841504877264
8.380708651109176
8.592202880165793
8.298362341794101
7.949090047316118
8.478730071674693
8.310423981059682
8.225552515550094
7.840205105868253
7.894365440715443
8.15744989568537
7.582166021520441
7.65693963657726
8.128985274921764
8.0626070282676
7.730080647902056
7.988102262670344
7.503677584908226
8.345421661030162
7.472694440321489
7.2568795464255595
7.9311958226290615
7.507869243621826
7.69259803945368
7.748837557705966
7.706612673672763
7.308251467618075
7.446317022497004
7.209163665771484
7.0781049728393555
7.318479321219704
7.258184823122892
6.898449767719615
7.0329601981423115
7.383619091727517
6.670101989399303
7.309186805378307
7.125724012201482
7.369998064908114
6.347219510511919
7.644887924194336
7.155622785741633
6.802105643532493
7.09334642236883
7.082864414561879
6.351953593167392
6.745749603618275
6.880485881458629
6.922262365167791
6.933115525679155
7.264840516177091
6.934869116002863
6.318962530656294
6.6650968031449755
6.488401673056862
7.070078026164662
6.6812030618841
6.2426159165122295
6.515697305852717
6.454746809872714
6.597485108809038
6.138259714299982
6.4029107093811035
6.529738209464333
6.3060854131525215
5.859708049080589
6.124814943833784
6.648968263105913
6.122560587796298
6.567117604342374
5.939330447803844
5.762063286521218
6.5405145991932265
6.202224471352317
6.794215809215199
5.634809667413885
6.3235977779735215
6.046236558393999
6.165578625418923
5.851119691675359
6.144040801308372
5.898589784448797
5.850149978290904
5.523760492151434
5.77330173145641
5.911945646459406
5.6738409562544385
6.602882038463246
6.281427773562345
5.964376883073286
6.001797372644598
5.662112322720614
5.2714995470913975
5.298555222424594
6.037571907043457
5.9332545453851875
5.724968780170787
6.176405733281916
5.494567741047252
5.799103173342618
5.431883985346014
5.7961319576610215
5.67116566137834
5.2515387968583545
4.883803996172818
5.419644355773926
5.427762334997004
5.49700216813521
5.7211809591813525
5.766782890666615
5.154057957909324
4.84460280158303
5.256198319521817
4.864224737340754
5.545853744853627
5.9108524755998095
5.987967599521983
6.006141879341819
5.468197562477806
5.975619251077825
5.1422952521931045
6.002509984103116
5.2079665877602315
5.406645081259987
5.758972536433827
5.0915727398612285
5.336386333812367
4.4832633408633145
5.357837091792714
4.964157321236351
5.198375116695058
5.692787062038075
4.6737117333845655
4.515776590867476
5.398724686015736
4.920676296407526
4.959422544999556
4.858895431865346
5.308491186662153
4.7242044752294365
4.896980740807273
4.7569334506988525
5.9890734932639385
5.4549641825936055
4.3657238049940625
4.77528528733687
4.898533409292048
5.429724194786766
4.531519824808294
5.507403785532171
5.392123742537065
5.278819951144132
4.682834581895308
4.2754741148515185
4.5860231572931465
4.785945350473577
4.494320500980724
4.643800713799217
4.949875419790095
5.2066429094834765
5.2039549350738525
4.977151719006625
5.011486183513295
4.95726372978904
4.5076729167591445
4.702723416415128
4.5721777135675605
5.122359535910866
4.466982473026622
4.898989720778032
4.377520301125267
4.648938222364946
4.604256868362427
4.54778265953064
4.945415951988914
4.3988189697265625
4.454309485175393
4.727555730126121
5.065356969833374
4.4773784334009346
4.669666095213457
4.492857889695601
5.063051397150213
4.956221385435625
5.339777903123335
5.051560640335083
4.323310548608953
4.944020574743098
4.612438570369374
4.56880142472007
4.879477500915527
4.790766044096514
4.286073229529641
4.095017801631581
4.117188041860407
4.2293360666795214
5.0484325235540215
4.819120818918401
4.15479174527255
4.976208188317039
4.4266581318595195
4.571288563988426
4.860919497229836
5.104566769166426
4.118367563594472
4.681954904036089
4.962794650684703
4.127764723517678
4.518517537550493
4.7304324236783115
4.088055870749733
4.095508033579046
4.214680975133723
4.512526707215742
4.37439099225131
4.327262856743553
4.537471749565818
4.183859565041282
4.129619576714256
4.981033780358055
4.485487070950595
4.605669260025024
4.473334117369219
5.0593623681501905
4.455418435010043
4.435762427069924
4.5926197225397285
4.243211334401911
4.049056183208119
4.201843326741999
4.8079101822593
4.198218540711836
4.702792991291393
4.233482404188677
5.012186613949862
4.783330548893321
4.3729892860759385
4.4320316748185595
4.865259300578725
4.8788865479556
4.876562465320934
4.463026306845925
4.513152079148726
4.673965042287653
4.517570734024048
4.416207530281761
4.845178755846891
4.558001756668091
4.675055915659124
4.5173584981398145
4.363748897205699
4.2657647783106025
4.294396140358665
4.485657345164906
4.403803717006337
4.233865022659302
4.406977328387174
4.674125714735552
4.239929220893166
4.973157145760276
5.281475067138672
4.751371188597246
4.204368808052757
4.184149742126465
4.870565544475209
4.671653834256259
4.823459408499978
4.341189427809282
4.264623121781782
4.180823304436424
4.548752091147683
4.62353480945934
4.498474489558827
4.3676018281416455
4.661163200031627
4.281273516741666
4.977652116255327
4.628634994680231
4.505104585127397
4.935406944968483
4.205744331533259
4.079551978544756
4.619506250728261
4.329449458555742
4.842060045762495
4.568284424868497
4.7238569909876045
4.409684202887795
4.641741687601263
4.239428997039795
4.838751836256548
4.662419059059837
5.097918705506758
5.4812705300071025
4.042013124986128
4.759097706187855
4.747208248485219
4.904684066772461
4.887246652082964
4.156820513985374
4.554367759011009
4.629916061054576
4.632634596391157
4.74352537501942
4.877321069890803
4.205375628037886
4.535152348605069
5.055521336468783
4.736020976846868
4.312008510936391
4.67780065536499
4.074395374818281
4.30637788772583
4.841032440012151
4.890205209905451
4.279455943541094
4.1960858865217725
4.608499570326372
4.480479695580223
4.2473650628870185
4.232325662266124
4.591631499203769
4.387764085422862
4.44923244823109
4.380316539244219
4.585015318610451
4.517284176566384
4.890949964523315
4.65103554725647
4.814657579768788
4.388555526733398
4.649733001535589
4.297446229241111
5.077204964377663
4.417124466462568
3.9608547037298028
4.180127165534279
4.737574252215299
4.54806509884921
4.879946990446611
4.651033011349765
4.953147671439431
4.8185882351615215
4.223957126790827
4.521019415421919
4.770675312389027
4.514794414693659
4.795801964673129
4.701069246638905
4.825395714152943
4.593991279602051
4.665070078589699
4.423737157474864
4.9032439968802715
4.689887805418535
4.74906663461165
4.647632945667613
4.431276017969305
4.354773066260598
4.730780081315474
4.766015356237238
4.179273930462924
4.765492699363015
4.248535979877818
4.905081705613569
4.308222250504927
4.725035320628773
4.405737768520009
4.574606375260786
4.702999613501809
4.610635562376543
4.87546630339189
4.4496425498615615
4.276886029676958
4.240286263552579
4.461581035093828
4.704498074271462
4.618662379004738
4.629816445437345
5.475784128362482
4.6677188656546855
4.573124712163752
4.468474951657382
4.464826540513472
4.699335900220004
4.065631476315585
4.401747985319658
4.415067065845836
5.121458053588867
4.442056850953535
4.840816237709739
4.95058798789978
4.768708272413774
5.146254604512995
4.850789373571223
4.759280096400868
4.662769144231623
4.623422340913252
4.5688652558760205
4.810951016165993
4.489503968845714
4.503445646979592
4.437286962162364
4.727462530136108
4.790996963327581
5.017166571183638
4.815759008580988
4.713980284604159
4.720685785466975
4.385445659810847
4.644226009195501
4.461109724911776
4.592740253968672
4.569737044247714
4.487068111246282
4.628841010006991
4.683882128108632
4.979146653955633
4.903120452707464
4.50682672587308
4.477631200443614
4.470380804755471
4.5225839398124
4.733871264891191
4.560223254290494
4.4773758974942295
4.810589855367487
