1.0233425146494157
3.8085886392837915
4.543893642914601
4.692682046156663
5.130570044884315
4.950701517936511
4.707469915732359
4.6700011155544185
4.576064317654341
5.491153888213328
4.232072414496006
3.8252477645874023
3.931180703334319
3.39004432849395
4.033240795135498
3.9835985746139135
3.548941581677168
4.346327133667775
4.257596407181177
3.9449038322155294
4.062029826335418
4.520442681434827
3.3969496335738745
3.865199333582169
4.4588069304441795
4.086247529738989
4.677767166724572
4.486307718814948
4.296386547577687
4.481671993549053
3.7307337002876477
4.9127606978783245
3.6518912131969747
4.289358444702931
4.335909268794915
4.472943611634084
5.003901897332607
4.617344819582426
3.756059249242147
4.666606621864514
4.831057218404917
4.614429706182236
4.344531780634171
4.7328260984176245
4.663540962414864
4.6242122527880545
4.966359652005709
5.422308493883182
4.833345315395257
5.0996455779442424
4.810428961729392
5.072102522238707
5.4673530872051535
4.870277539277688
5.783526677351731
6.135079432756473
5.740451066921919
4.941715949620956
5.664916136325934
5.2538502766535835
5.806359462248973
6.2108869552612305
5.723434582734719
5.74539224918072
5.269052578852727
6.059988193022899
6.025067476125864
6.670145670572917
6.396596480638553
6.307223796844482
5.723773723993546
6.027525131519024
6.4526992944570685
5.548297906533266
5.60555536319048
5.574705564058744
5.054217155163105
6.496566858047094
6.267844041188558
6.407676574511406
6.852246125539144
6.762987479185447
6.58672005090958
6.719399586702004
6.855003418066563
6.939671773176927
6.367814663128975
5.724049286964612
6.1766043442946215
7.27080346376468
6.657913562579033
7.50741495230259
5.939702999897492
6.2933065341069145
7.0517306083287945
7.373068564977402
7.390933379148826
7.529843415969458
7.471549217517559
7.559375726259672
