3.398392800252322
2.7317172183610094
2.1286248084147092
1.8509758347459668
1.6634378942668948
1.5563163390526404
1.4170065664837503
1.3324869125656933
1.2511185149521569
1.182673131468629
1.189028181411602
1.0923796172155613
1.0665456793586752
1.0905295802317454
1.0122624623809444
1.0322626051400121
0.9809137380700506
0.9014776318501203
0.9246438592247813
0.9619854335431699
0.8931442770862851
0.8628145345935115
0.9425931246871622
0.8720947113471833
0.8686478199102939
0.7927592001069984
0.8315197388161282
0.8184527787048252
0.7928074344440743
0.8093499645718143
0.769786591798152
0.8174654704722923
0.8251289795776378
0.7421687795565679
0.7785160388702002
0.7472561630088719
0.6825770295922913
0.6793516949031427
0.7479538330834815
0.7175983467332998
0.7078762374542378
0.7353415487498639
0.6547871758455565
0.8012706817385138
0.6789059503126008
0.6820895659108447
0.7270447235671204
0.6805169145096401
0.7096515848086431
0.6598183306363913
0.6849215478129537
0.6192866605401379
0.6310617362501955
0.6841783332519042
0.6324853398691216
0.6406467389686834
0.6211915957791853
0.6133356175870976
0.6466879203618422
0.6739279010526815
0.6307201321817871
0.5566786446123042
0.6305008089100873
0.6560816810681269
0.6028070207844433
0.6295383484275253
0.6334102445857817
0.602147110931554
0.5967516865995195
0.6554376515228184
0.5744299176241937
0.5728933196461778
0.5960380403574376
0.5228025713707307
0.5185723157859595
0.5535038606054083
0.5683218527723242
0.563259801888398
0.5298555090047016
0.5708519158370134
0.5786821230014845
0.5468547648174471
0.5508762948703222
0.5243898497687446
0.5330628313739755
0.5293376351523603
0.5341359155300336
0.518309438670123
0.4693767411416752
0.6120967878575339
0.512997969772741
0.5398582730367992
0.5292166446858322
0.5303288008752371
0.5137330463469199
0.5137119057171705
0.49438936426768615
0.49522222251633974
0.5357773492478917
0.487027487523875
