4.2468769516360725
3.8627716700236
3.6048376206998474
3.231663748749301
3.00427347370702
2.887461357306891
2.6850212075431803
2.6028432034359357
2.477049819424621
2.3857556146773855
2.3610202648021557
2.2446786131274665
2.2057760138796945
2.2221084639557405
2.0764159731715495
2.0944077150094884
2.0109198962860977
1.8834868513281189
1.9088728750533188
1.9647712371288202
1.870930050513004
1.7964777827602505
1.9396297483362703
1.8207851179644592
1.7886271578633888
1.6685328137161386
1.7577605132024172
1.7261934609834286
1.6643555986235963
1.691994898339622
1.623353101249434
1.7304127542381613
1.7312034076435274
1.5783272652204898
1.645265190689652
1.5885010095063778
1.481458716243081
1.4539225700913672
1.5779297567500687
1.5347889906320817
1.5154597869625799
1.5351134482611957
1.4100557518141221
1.6623194370514307
1.444733311817517
1.4408145709934397
1.5506447767600036
1.4421608954073697
1.517700177312237
1.4206517070446938
1.4566583163038618
1.3488676991218176
1.3533582424166535
1.4458201892695195
1.3516435047500155
1.3841151245299228
1.348945410502942
1.3505477356774855
1.3819450591704106
1.4339124127330942
1.377772901302729
1.2119001195980952
1.351212392845045
1.4000933073524735
1.31692759841256
1.3514596796103693
1.3604626776146413
1.287886859005333
1.293366477190599
1.4081058938618738
1.2454310156341293
1.2387170672756314
1.2980502989896683
1.1333869031691484
1.148506375629338
1.1929152961130496
1.2463476374278382
1.2220556209569644
1.1744488603369123
1.2400153423646236
1.2518176713220754
1.1876317632843627
1.1989510854085286
1.1509467757325567
1.174469111142335
1.1566979659248962
1.1743114906498509
1.1482522710096463
1.045381152222299
1.2947272643064842
1.128926557353419
1.1708663620500483
1.1706941134569653
1.1477567577294134
1.121268657537607
1.1293015658345997
1.0737242049980706
1.107637964931988
1.1607819737871827
1.0758215525211432
