0.3747826571062866
0.2943722257224394
7.2325418303667055
7.904390816195395
7.633929379191172
7.935016855585068
8.953597619098062
9.075733103982799
8.678671261685604
7.806784894090578
8.660139722462194
8.641672387333887
8.191772242403706
8.472719207816167
8.173465928005317
8.544707490465262
7.829090802643675
8.138342829919836
8.687009898596152
7.88811088711943
7.746713602214778
7.977212427455848
7.76748259381715
7.843520703864555
8.269286277892691
8.128269311385516
7.723164749901129
7.596870127273063
7.503950109076162
7.083585510162436
6.932340093211794
7.579080448834671
7.869846348965337
8.08238516349013
7.559172644627104
7.267908211744657
7.18820594349337
7.113987620220868
7.492896690977127
7.59186901690266
7.827008134827602
7.459557320099258
7.360015108945272
7.408573557079783
7.681189639256138
7.593538432045714
7.042637805425693
6.783767699002225
7.294603098323686
6.537967158815481
6.884292372074397
7.50580163624408
7.272567772288637
6.83204096988204
7.292451546130526
6.881914895111765
7.447039308003131
7.0853110275435585
6.319414559556008
6.341747767434108
6.7955270605946305
6.631508014816558
6.702436947643608
6.658641048428215
7.2719029409871485
6.8376417349933885
6.283959980702977
6.27677713015161
6.886052907656589
6.798420917500646
6.822800470750664
6.159340467226317
6.123079427189386
6.194771556082719
6.561738264371794
6.610484249498369
6.494310965629495
6.56345522453429
6.30610654908881
6.894803824774716
6.6876860104370754
6.713148122434322
6.91307601181043
6.847972574683405
6.871016217630242
7.158489687329436
6.792877339938961
6.769081550304645
7.26125953632956
7.227539112510236
7.169876641089763
6.253250453947384
6.459083922412417
6.660512699993379
6.178895884995862
6.803476488818916
6.174056864361448
6.216219414563056
6.660695046062167
6.301322200777532
6.431947019718606
6.403551663131491
5.698883853324559
6.153724967488853
5.956652857841702
6.221864047400448
5.931592599365292
6.316423622641193
6.213560211549112
6.013381166792194
6.193628143230212
6.413795467810993
6.14627267351938
6.398657034395932
6.233122690406017
6.357091480339438
5.642015615436214
6.2356970882893
7.251732642398068
6.006748431120642
6.435158834445467
5.393443199870386
6.6309700631618105
6.4333680318334485
5.596168595020527
6.178193548304325
6.210929619361203
5.707212049728438
6.189097126590102
6.014269464705963
5.9862784097550605
5.839893497259444
6.426177864178108
6.247740693645143
6.117781699250598
5.677269285773117
5.988485753287665
6.439713434540699
5.880733329718862
6.085840318280523
5.928888101195971
5.705503427256535
5.988558753019974
6.5449372080587365
6.551558541595389
6.113217716121594
6.271541987487532
5.854151088660513
6.060730303099396
6.325247150843495
6.257664837570763
5.825053898864631
5.5734415246209466
6.084683602307616
5.463536072711928
5.399695529253708
5.673023592143182
5.89561050628204
5.413884850419294
5.76336122444016
6.2007700399720145
6.339640872989524
6.075648713648767
5.7176832919124765
5.749544652528421
6.410771393298705
5.931140787110317
6.100919020086453
6.029401787327567
6.018703870817062
6.367806421507389
6.073785522065628
5.956756958372897
6.372651961468179
6.395964674595697
6.5033962312989475
6.255873170467692
5.9085938011834385
5.865078383530051
6.333915781338479
6.309730775859378
6.736330056309799
6.639715459965188
6.414085273448381
5.959299205938312
6.343973363211395
6.277974225363202
6.159944735734635
6.1667539426145
6.235543822824607
6.0839766933084825
6.243013783730101
6.223641187573991
6.1820428834744945
6.568874993256672
6.472432804266744
6.22810634123076
5.741871028368029
5.9935366481020615
5.971121539763354
5.957911162400266
6.189407760844418
5.810460676045294
6.231987494245184
5.465857226417103
5.8015623101599525
6.192197405765015
5.563670645662901
5.923004793166319
6.21286536744478
6.340007217950479
6.336932487444046
5.82869663369765
5.850199032664995
6.5359188931698196
6.604802537302458
6.422414479601671
6.6373331850026425
6.4901771178535865
6.360161752676944
6.515306838658375
6.25987635213599
6.369074476669986
6.172476903213075
6.463224631533015
5.825007438063125
5.994041636946601
6.107904750272768
6.638000464021812
6.363389534389506
6.041134564552435
6.2223016866750775
6.105578007650336
6.03454875846621
6.359762621880373
6.59942080916913
6.7303784867939696
6.114456431183644
6.050121354002869
5.146320382389454
5.364245899127264
6.099271821617782
5.901730507090253
6.390090832221101
6.181996850991269
5.765255160387404
5.81044028767752
5.43351147232501
6.166731316910076
6.115697539777334
5.841104573066081
5.664601776975706
6.302383696863908
5.682843565344314
6.021179693355672
6.2796368204225
5.967880308876642
6.056991335150597
6.2253050808115145
6.441107478113946
6.268006762531621
5.971372626044533
6.412429968449749
6.554855873527082
6.343467007387271
6.354888075187467
6.525587722199275
6.871582477564012
7.022640828792009
6.435107287811776
6.931336825743032
6.7466769344713216
6.3710550341236285
6.584771849395237
6.20150626262493
6.270421239114782
6.35944220500752
6.332164278022441
6.372151944516001
6.599413515429779
6.755498369799941
6.093294142185399
6.517273394538523
6.37616223310609
6.47076074832474
6.286066920385448
6.192479464389365
6.648744131944098
6.03830656227815
6.207319625324762
6.3571564604383
6.433466254123754
6.4003616703660215
6.4302763197201305
6.679030780000822
6.215638113379777
6.483036304434902
6.360521562105422
6.537625437283934
6.279391399615004
