4.233298275049086
3.9931514535402637
3.934150739591617
3.387939745082876
3.0252254821157867
2.739936846532888
2.545145996107019
2.3709514055062146
2.2565621524711794
2.1168361254317944
2.020209066231373
1.9401916385615705
1.8543686215263844
1.771878888789636
1.710143263689445
1.6625473228755938
1.606437030271592
1.552909692220645
1.5126689290499529
1.47177832991458
1.4205595690448585
1.4110246599127074
1.3648328370334766
1.330649049240446
1.281238316599335
1.2839294140440691
1.2312349960148994
1.2234341697118207
1.1872827686524914
1.1699481673377092
1.1567556622176813
1.132950520028832
1.133641473943874
1.120884799832066
1.1004732962016308
1.07278589960612
1.0718696479960135
1.050906817518076
1.0531536275303683
1.0323378696291725
1.0149341009007422
1.0071132541751653
1.0033780092180644
0.9910203451927192
0.9792163371409681
0.9812574817187594
0.971003640085853
0.9605505446419517
0.950473533798217
0.9335341887557966
0.9457756248173813
0.9288926117499225
0.9183766172403302
0.914574566202589
0.9182769723786386
0.8916779986984521
0.8978594240884048
0.8827838585616101
0.8734363694663198
0.8782792489052371
0.887029445910418
0.8780757478527118
0.8678321356078057
0.8749731819425757
0.8625411997854002
0.8569095231487975
0.8573877132962563
0.8329311241485334
0.8451213441995461
0.8467271685937696
0.8345731860020366
0.8208913163596653
0.817925149650337
0.8109235241368886
0.8128846855743929
0.8103835933441973
0.8144952512819175
0.8141822448804976
0.7965530159121856
0.7942772753005171
0.7932257169981866
0.8007576542033324
0.7858017575767645
0.79054566651538
0.793845446881193
0.782161354752342
0.7874780863547874
0.7948819178259076
0.7708719027752181
0.7682500674033975
0.7647893049230421
0.7736853898209808
0.7795542257046117
0.7669217072202668
0.7771504413559596
0.7573046111004396
0.7617387781424015
0.7410931313465536
0.7581601226444443
0.7383161660651201
0.7407492781613114
0.7685716129872958
0.7397080849367801
0.7402406209972314
0.7334202426673608
0.7355640945729219
0.7277314231407429
0.7247325420570705
0.727604799658617
0.7210871249827596
0.718724276788676
0.728534707480686
0.7175987922300536
0.7155350746817876
0.7274460128015978
0.7185958522153314
0.7178394968944493
0.7160888470068031
0.7098002130163917
0.7182807998078498
0.7039575658046505
0.7006256486709829
0.7082981012996361
0.7049710409139777
0.7033542532531224
0.7018711930012543
0.6851648268823555
0.6982005328801819
0.6948478312111295
0.6913440518437913
0.6847252691366097
0.6917283505164753
0.6996712638470474
0.6753579475094345
0.6843557391590611
0.6832756077896897
0.6787051725230655
0.6783971001316981
0.6837736750495432
0.6803085748190087
0.6773656095449115
0.6780654989246977
0.6779255846596857
0.6676049323402149
0.6685318238367538
0.6658853741776584
0.6618786821536422
0.6753842461777488
0.6672901704271206
0.67360179985046
0.6641785796859258
0.6670424022484794
0.6745837611665734
0.6652597831319517
0.6623242145251519
0.6650465894503185
0.6632632075329624
0.6616262851369087
0.6559791278666744
0.6536675642110238
0.6601937810065005
0.6584100936163563
0.6612283785616192
0.6586849945106346
0.654632223628501
0.6497026800290167
0.6477002379621803
0.6501522310176726
0.6451152329953204
0.6487549215030775
0.6453685238683001
0.6452660097393393
0.6445458059587512
0.6476968822851137
0.6363112615877993
0.63773948096868
0.6454658501410189
0.639479676231309
0.6420268873887244
0.6334004413096158
0.6244433684692005
0.6262024283600185
0.6206673825564415
0.6274325602023862
0.6359065461961232
0.6322904097287526
0.637193020989618
0.6226078223509737
0.6317547908678596
0.6264033150545264
0.6235669537588026
0.6260347219028799
0.6235407240645099
0.6316195961284599
0.6354997132642746
0.6266680815046375
0.6265546323259211
0.6348432718288718
0.6369508290913628
0.6290849925343686
0.6239013189269257
0.6272662933832007
0.6236270714976537
0.618686958194153
0.6187298277820088
0.6136655432516777
0.6192782367459587
0.615375182132387
0.617860442834147
0.6185632443675206
0.6140950680949844
0.6135340933909668
0.613321188789015
0.6017730397911257
0.6158502246275425
0.6085865714449687
0.6137482807103226
0.6115632624962599
0.6057323734145782
0.6148339975698959
0.6131981080818463
0.6059203131139368
0.6139368307647805
0.6092965653324466
0.6068687789826109
0.6027252625787328
0.5988858694647916
0.6050556591394214
0.5990943619794661
0.5967571352456182
0.5968368312859987
0.5924751932425708
0.6014942981352538
0.600188907530083
0.5913106260134959
0.5969713399642292
0.5973957659070187
0.5896331764591974
0.5919268813038601
0.6034237921437142
0.5921638013334883
0.5901554572075716
0.5935644784170127
0.5857470458379271
0.5824408886654122
0.5918558982169542
0.5849166236520057
0.583718640925679
0.591147534952712
0.590273934628755
0.5912698777973074
0.5898578120170682
0.5909809084059581
0.585435444875574
0.5865997104653882
0.5839729416140299
0.5849038458524175
0.583756789642326
0.5753460234297101
0.586280938412203
0.5794318645009564
0.5811540012534587
0.5824074339568249
0.5810564350173673
0.5834237354064504
0.5833506773851884
0.5895377377292303
0.5827992377270944
0.5802045683449538
0.5827165352133088
0.5923276249171442
0.5754496001287464
0.5895887649863402
0.5754805174120743
0.5691845521133669
0.5767791728407669
0.5711123605771111
0.5700528725479654
0.5768321035032203
0.5728942325501077
0.5800068247384937
0.5712730387128435
0.5737136018977876
0.5679732552899652
0.5755872474882974
0.5661006755969352
0.5668703500415696
0.5706243226483775
0.5654567664486864
0.5672210287005461
0.576933800088743
0.5600336950763708
0.5669638241110582
0.5679978263453757
0.5656427012253646
0.5633684976559725
0.5690346411184796
0.5639918598194855
0.5638207585257766
0.5753028058486199
