11.846095659516074
10.618377653035251
9.795536496422507
9.33183310248635
8.76267546415329
8.368551519784061
7.846570611000061
7.768957463177768
7.520635718649084
7.155907506292516
6.567189926450903
6.588224275545641
6.364764901724729
6.213481859727339
6.043604406443509
6.003443357619372
5.515272977677259
5.568477579138496
5.38700962879441
5.27407933365215
5.000413742932406
4.920434862375259
4.841393665833906
4.774980954148552
4.529522145336324
4.545497707345269
4.417312670837749
4.538032361052253
4.290351621129296
4.201685119758952
4.131806146014821
4.095158869569952
3.974740136753429
4.012330120260065
3.880673102357171
3.887790636582808
3.7186109586195513
3.7577438029375942
3.6191091388463974
3.6267238638617774
3.5323882400989532
3.429443334991282
3.4200302944941954
3.4781684441999956
3.386482374234633
3.270426419648257
3.1937524676322937
3.2556669170206245
3.2110222483223136
3.2326597693291577
3.1058477583256634
3.057387962937355
3.105923597108234
3.093279088085348
3.00949229164557
3.004626668312333
2.91708286783912
2.8583688722415403
2.8156249008395453
2.8671796945008365
2.7508532106876373
2.763706471432339
2.6939380670135673
2.7910897772420538
2.756401555104689
2.724557936191559
2.5972891490567815
2.59261594441804
2.61372594806281
2.5703636651689354
2.4763644567944785
2.5020673153075306
2.4472308565269816
2.445981639352712
2.445121617479758
2.4644690399820153
2.4660014266317543
2.3703761127862064
2.2992245229807766
2.338486321947791
2.2921596494587986
2.2966627316041426
2.283149013465101
2.1833486678925427
2.223712308840318
2.2523553141138772
2.2458391189575195
2.1309403506192295
2.2117047160863876
2.143503972075202
2.102516296234998
2.170447727495974
2.149524136023088
2.0647588033567774
2.1346177987077017
2.0440532009709966
2.0298095724799414
2.077085577628829
1.974128633737564
1.9710935327139767
