0.4867325831869083
0.48497720406146233
0.38902664208459947
0.46728666171521127
0.617822753403612
0.39891469072483343
0.26687317340072986
0.5197779084733111
0.4839918675546895
0.46710646528758126
0.35349114146643507
0.5010138087138862
0.6491349320373458
0.4353511820216934
0.526159830346614
0.3345115866833077
0.6268035776629477
0.29593769832698996
0.3193698146180782
0.38273578290948884
0.6145101840605955
0.5261253945693702
0.9225567203007623
0.8928672532758158
2.227162998042747
1.7577188970569617
2.27395796106908
2.6077044516622663
2.4980101580610254
4.036163177184447
3.99393561416733
4.50939018788462
4.367747820928723
4.18710517214391
4.300575557834877
4.223317757398188
4.359301950267417
5.3025174762060745
4.654509850159915
4.220322106309787
3.9543574596932514
3.833727453896899
3.8758676878674954
3.3186824617978328
3.194673595543137
3.225968895073166
3.949790400350261
3.882144398106363
4.242669503053348
4.500525748801374
3.726254009770487
3.5345724350464844
3.64219055720465
3.539891494777733
3.543582851757745
3.594833479615634
3.6887523664501245
4.3932289518191965
3.7570965447741185
4.548346182148538
4.223461084232063
3.6782486539087698
3.9966683875104945
2.9388882851075073
3.1048731149317983
2.853604368790835
3.73830772831827
3.444137272232759
3.371246752136934
2.987096123800488
3.899494523753623
3.7551727978165497
4.049642865309018
2.9137429311901393
3.6585219025850773
3.3077329007800453
3.135459327506637
3.7281115790885053
3.2283505619408372
3.210790340312736
3.229118910963406
2.90768582644109
3.2547286388152585
2.9426464231793052
3.377376840205374
4.4420685968800395
2.90910820731658
3.0720254166092804
2.83571465173083
2.8529830628741
2.854688822625873
2.6872207889098205
2.7027310871170136
3.0122796920592894
2.7249732824986825
2.7890006005166765
2.6804794467283872
2.89493472733813
3.42877837937915
2.634836773595256
3.0649897947101175
2.9926798420105287
3.00124088795725
3.0976504667966305
3.0455055375376303
2.544846100654296
3.403427104433935
3.283138768228596
4.350440570013317
2.316100214669604
3.171173196039601
3.051723629773738
3.252151894426059
2.852835096911581
4.333857348065577
3.3485569796246852
3.8004411542582845
3.0511223228278763
3.5899564947537286
2.8080154253629024
4.366037667394879
3.5434655808733555
3.426373746925461
2.9245012967524406
4.00750345123077
3.8068415655162866
3.5001819449101754
4.304862573772729
3.865827381252526
3.308921824476284
4.536631839308805
2.9368957097162465
2.4815991536409916
3.911785060274816
2.717580905897106
3.4575530269102965
3.3213835565265053
3.5575052124703817
3.6326013495305736
2.792524369541772
3.293821752907518
3.142453554398072
3.166538756452725
3.572529188377824
3.26597246282803
3.2484508630985727
4.733984226693132
2.894470911943363
3.537556416047121
3.943335181008838
4.139136992857786
3.4040899873974326
4.139165171162638
3.799876556606713
4.3515416854369136
2.6528988359925263
3.566046441963058
3.2929068873067178
3.493502453477206
3.119818219679869
3.0349724027580156
3.737926563423478
3.638919292805429
2.8400585632285997
3.668745114473637
3.8277014047206044
2.6963058831935416
2.9990465660133436
2.8240530323647786
2.7010155662983837
2.664442798178755
2.9861481041612032
3.665655098362772
3.4633404042773352
3.524463334876693
3.578214954517647
3.090791440917877
3.6982738866595803
3.5090183303924745
4.602011416861433
4.130474198079539
3.4633333792906247
3.541273198290196
3.488022839616917
3.383674346373411
3.8502535136763703
3.6346709943247704
4.391421947307243
2.9994328253732654
3.100381773554968
3.9296502871121577
3.689024584087915
4.455398198836791
3.7394119245494775
3.9915655543187816
3.696440341238507
3.657690669826133
3.7589580759495678
3.4905297985535584
3.3460533055131565
