3.5015483031901278
3.3776953555354776
3.363273938727933
3.3539721071720123
3.3459179683249127
3.346150750568671
3.3476022479608076
3.341134256632753
3.3417399581088576
3.339094678329867
3.332787169735561
3.329486293617145
3.333633522192637
3.328438928191976
3.3245153561118963
3.325053004331367
3.32017292856246
3.3174225419990777
3.3138779427192007
3.306751850732537
3.3009247551130696
3.290028909380122
3.2690782766471536
3.216975439426511
3.1528019428022147
3.0881394307280696
3.031080820763758
2.9596360418223595
2.9138613611228705
2.8691337263399315
2.8324890885242198
2.8078167106985124
2.7695961442104604
2.7564355715993765
2.7218037777861883
2.68698655415413
2.6596647729707317
2.6428484997546025
2.6146137989306633
2.6117318176714948
2.5799800775540893
2.570427724788355
2.537796352953874
2.521398817846017
2.4893176226421843
2.4756584786629494
2.4355521358029786
2.4210412997839064
2.3771658617165663
2.355202164760856
2.310761564346247
2.273913152342619
2.2487878831782084
2.233187268986258
2.2072166157092235
2.1896905620661817
2.152342134436896
2.160202444408291
2.106347649827484
2.100405919343926
2.0728431223898895
2.0914767644433088
2.0471378575230754
2.0366915458625603
2.020714537464371
2.01904533965181
1.9927481880714728
1.9969295443490493
1.9692713919767113
1.955148115292076
1.9631548727205557
1.9365361078765042
1.9183912962213043
1.9317623302918072
1.8943796524012735
1.8971888541944266
1.869461550153503
1.8529673839031264
1.8394767532283947
1.82654435320418
1.8121685910132503
1.786647415091825
1.7477502675019494
1.750382969199225
1.735171198094076
1.7179437567328297
1.7076061902813209
1.6846488066768461
1.6678670175200285
1.6636668772313945
1.652879852888196
1.630660925782466
1.6389332063669382
1.60708607987378
1.5924048688869143
1.575266880524713
1.5808141483932503
1.563729768171329
1.572324187372082
1.5528874850088312
1.5275675464392633
1.5465373527403026
1.490926779286806
1.516304077797158
1.4943977145030516
1.4683316074485002
1.4739874586347461
1.4627139845559762
1.4598306728772414
1.4605211113658987
1.4128572300307511
1.4187124588692834
1.4088282336791356
1.412471713541552
1.3917820312140523
1.3889253692802532
1.3588486725623294
1.3943447744430497
1.3863514886461488
1.3567843948916871
1.3369474546160809
1.31379088326249
1.3345241075915883
1.331329770270706
1.3325503770579663
1.296432959998763
1.307201813877553
1.2862509441699168
1.2949103285060373
1.304799464206363
1.2960235206771267
1.2602665603969447
1.2667992665439614
1.25523513826982
1.266473922098792
1.2447834349302358
1.2561018362410308
1.231971134337806
1.2148862608181414
1.1980579576289008
1.2473060078052587
1.183313675224781
1.190168218210686
1.2039768526027368
1.185571437716022
1.186749519361544
1.180828908963721
1.1426911079721858
1.1631027398876441
1.1655013814799546
1.2019064652827358
1.1454364899401517
1.145840414619261
1.1231356078917667
1.1441691371706104
1.1329862051462942
1.0992937844622044
1.096668999035691
1.1028965094754861
1.1120143692160762
1.1015126753685087
1.084707258572412
1.096921985636848
1.122583645778571
1.077320122961388
1.0744302087398463
1.101219655296137
1.0913361015245897
1.0613404664304829
1.0607211659698523
1.0518512457262639
1.063089754172536
1.0559275180909984
1.0479380716533624
1.0494806640023409
1.0423936469032782
1.0345077937425569
1.0549557158766791
1.0164086078835088
1.028958019186822
1.0423785876627116
0.9985432494864908
1.0352687674552896
1.0124250908577166
1.0437508181546085
0.9944113989671072
1.0502908293359963
0.9980046639955321
0.9905070512909298
0.9796098715575167
1.0117466760467189
0.9791527366511119
0.9818764019382092
1.0240298623955526
0.9531359781706056
0.9602530775952709
0.989983548893947
0.9790093978477079
0.9667386283246122
1.0028357735668967
