4.900918741327848
4.100856762754825
3.965164787547533
3.922462741764941
3.889682925024698
3.8597297656905742
3.8282504248064617
3.8237355748812356
3.83611647264902
3.810268735238748
3.8102255190989767
3.8214979987273843
3.8177665026150933
3.826685036106627
3.816690998483998
3.840860511212386
3.836821734443191
3.842564645201661
3.8506821396276933
3.8473797916441925
3.8592466601105624
3.8894116742204328
3.9023158892180567
3.956503513016442
3.9680695808673088
3.983913167271503
3.9929120452829108
4.0008101856061655
4.015206450639769
3.9901351584482563
3.992647369702657
3.997802475164103
3.966235933608787
3.9553992147593533
3.9545980892902195
3.92580330625985
3.9174682380155077
3.922132969826691
3.901030090197112
3.895091353229774
3.8805130877236063
3.879471153713936
3.8741444910681526
3.863291168628737
3.8307341152383376
3.8214507678220437
3.8060336933117505
3.7818292762882026
3.7550424790197563
3.734032696069673
3.70747058220612
3.6769319523212523
3.6431251396966533
3.635854947474576
3.6064277723316076
3.5954365071862244
3.5534705237824786
3.5501398032949876
3.503588923188143
3.513009499902873
3.475304222846216
3.4901425145393192
3.4610933379609454
3.4357999706453133
3.4230826571006183
3.4337795238162196
3.4017996993637825
3.4086505412593366
3.38164584096088
3.361790748760682
3.375549783309301
3.3522389156873835
3.3389793770719867
3.3674756480279817
3.33075583558674
3.340261069841163
3.306824178196663
3.300557645485383
3.29157887895902
3.27606977233591
3.2742861114269077
3.2433933581030647
3.2086325075275215
3.2165769710559253
3.1907528560290963
3.187011782744134
3.151467416175576
3.132040246050487
3.122160072012465
3.1243196284586143
3.1110729679118756
3.0861315417659374
3.11019721049671
3.068179417488187
3.0540429554706394
3.0377257715824038
3.0549789036429207
3.04552156033442
3.055808519208154
3.0364963199741157
3.001486191222834
3.040215043596519
2.974121831877287
3.0106043578811392
2.9883089566877645
2.9624090924743536
2.9582427075898
2.9504989491876707
2.956463715364767
2.9634283422961714
2.895115554332733
2.9029070194377455
2.9149831138377964
2.9046860150126523
2.8853577122438785
2.881612224056739
2.838385614775872
2.909019652032113
2.884707355915114
2.8486082640498185
2.8239398137774576
2.7981586246065393
2.825384174321973
2.8229642838470697
2.8242066795973813
2.79412820600262
2.7916519956071246
2.7797954848339392
2.783853221655816
2.8085496591967205
2.788945502551027
2.747193590384121
2.7509413108576175
2.739576755337013
2.7602740456891612
2.7337753784286885
2.7494489722704705
2.725073065868644
2.6877727071906246
2.6696353398783264
2.751384109836216
2.667227695501128
2.6712759740130845
2.70420780246572
2.6698581898628277
2.678334041159282
2.655213719306066
2.616340098108432
2.644764765866043
2.6385360921538155
2.700132889687553
2.6256327392287955
2.6223147051740985
2.591961454975513
2.618903735118319
2.6071058466683987
2.5652946031601855
2.552345713557199
2.5528755146403643
2.5819302749957225
2.561486159299695
2.531265529782273
2.5566926976275997
2.589580700725548
2.5266781267962712
2.522566035851952
2.5713162396767344
2.5478967945705087
2.4971869094658268
2.49425532408925
2.480512474396432
2.495909350093945
2.490051973120187
2.4793231823416644
2.4812286445336746
2.4669906661029932
2.4548208372768507
2.4867924129547077
2.429003474901813
2.4528460038262745
2.472137198429699
2.4106254515259766
2.453969425355741
2.428245964784955
2.4740331146375154
2.391948865019074
2.476914239022159
2.3967533891284187
2.401285858232846
2.366675536068835
2.406078166970911
2.373608575541844
2.3722889552744784
2.4410871944224186
2.3230092878951583
2.3321755120689556
2.3877504029015237
2.367810534183369
2.344232601019763
2.402045487548954
