7.024060964584351
4.344476580619812
3.7557457089424133
3.7074155807495117
3.557154059410095
3.8431787490844727
3.428322970867157
3.413619339466095
3.2799521684646606
3.1573118567466736
3.0239333510398865
3.179027557373047
3.168439269065857
3.024683654308319
3.080084204673767
3.261238694190979
3.125005602836609
2.8608020544052124
3.0800918340682983
3.1540801525115967
3.016136884689331
2.9921948313713074
2.9111549854278564
2.939467668533325
2.7876994013786316
2.9472736716270447
2.792879104614258
2.8738489747047424
3.0275436639785767
2.8084121346473694
2.6637449264526367
2.7827423810958862
2.8126702308654785
2.829466938972473
2.874374806880951
2.7851423025131226
2.805216431617737
2.8996483087539673
2.6469964385032654
2.671150028705597
2.6615371704101562
2.6355000138282776
2.669483721256256
2.8193241953849792
2.7228110432624817
2.4735100269317627
2.2836925983428955
2.559847831726074
2.722273111343384
2.536478281021118
2.5844026803970337
2.557672142982483
2.5569409132003784
2.651463806629181
2.5698559880256653
2.5026885271072388
2.6316892504692078
2.4649142026901245
2.3340497612953186
2.5652846097946167
2.746547758579254
2.4247701168060303
2.6417378187179565
2.392309308052063
2.454616963863373
2.330048978328705
2.761775314807892
2.570214092731476
2.4986246824264526
2.6399574279785156
2.379115879535675
2.4512194991111755
2.7170255184173584
2.436859965324402
2.6453171372413635
2.476376473903656
2.4027984142303467
2.3825799226760864
2.5086156129837036
2.2822315096855164
2.3773329854011536
2.5172119140625
2.330322504043579
2.536947250366211
2.3495214581489563
2.201263129711151
2.4530866742134094
2.1894368529319763
2.2709510922431946
2.444551408290863
2.406212270259857
2.1968307495117188
2.264797568321228
2.2725358605384827
2.4104628562927246
2.4074045419692993
2.3061665296554565
2.2737404108047485
2.1634194552898407
2.2534947395324707
2.164457082748413
2.3275272250175476
2.139029026031494
2.2653056383132935
2.3363272547721863
2.4049050211906433
2.1911025643348694
2.3552313446998596
2.3227049112319946
2.393443763256073
2.322351098060608
2.1481833457946777
2.100887179374695
2.242741882801056
2.2826278805732727
2.2993162870407104
2.143504559993744
2.030329316854477
2.11029714345932
2.2085465788841248
2.0559133887290955
2.3340020775794983
2.145058810710907
2.165348708629608
2.203369975090027
2.2136929631233215
2.0860235393047333
2.0184105038642883
2.2005923986434937
2.175204336643219
2.1834514141082764
2.3793545365333557
2.0701289772987366
2.3168275356292725
2.1252702474594116
2.1816129088401794
2.1952760815620422
2.164811670780182
2.128661274909973
2.085730016231537
2.2567485570907593
2.004000872373581
2.0809693336486816
2.129091739654541
2.1113385260105133
1.9063280820846558
1.9416695833206177
1.962064266204834
2.1732486486434937
1.9742481112480164
1.9829992353916168
2.039026588201523
2.0221866071224213
2.0731521248817444
2.040914237499237
1.979243904352188
1.9978090822696686
1.9954059720039368
2.14987450838089
1.9573416113853455
1.8692376017570496
1.9556980729103088
1.8719879388809204
1.989621490240097
2.041232407093048
1.9757364690303802
1.9383792877197266
1.9771222174167633
2.0578031837940216
1.912883847951889
1.937535434961319
2.0366793870925903
2.012439399957657
2.0144948959350586
1.8231822848320007
1.8657914102077484
1.9944719672203064
1.884094923734665
2.018582195043564
2.003294676542282
1.909305602312088
2.140613853931427
1.89866903424263
1.9059198796749115
1.934608668088913
2.022597014904022
1.9650877714157104
1.8928909301757812
2.047075718641281
2.0122658014297485
2.007966697216034
1.9687313735485077
1.9101766049861908
1.9925148487091064
2.000033289194107
2.0716269612312317
1.9747161865234375
1.9772005677223206
2.1027713418006897
2.0605651140213013
2.043512612581253
2.1210602521896362
2.077712506055832
1.8593487441539764
1.814571887254715
1.9823283553123474
2.0006310045719147
1.8263177275657654
1.7900118231773376
1.8581467270851135
2.0459901094436646
1.9650018215179443
1.9506294429302216
1.9623585045337677
1.9257756173610687
2.063744068145752
1.9896594285964966
1.8480178117752075
2.0324030220508575
2.0446788668632507
1.9385246932506561
1.9431644678115845
1.8645319640636444
1.8995160162448883
1.94222292304039
1.803365707397461
1.9762869477272034
1.9499114751815796
1.8769411742687225
1.8866950571537018
1.8619504272937775
1.912543922662735
1.896168440580368
2.080863356590271
1.989720642566681
1.87937331199646
1.8451894521713257
1.9103463888168335
1.7029768228530884
1.9728214144706726
1.9555043578147888
2.0391504168510437
2.2116711139678955
2.0428985953330994
2.116849720478058
1.8781917095184326
1.8817282915115356
1.838469922542572
1.8863859176635742
1.7600506246089935
1.912572056055069
1.864334762096405
1.8661296665668488
1.8595969080924988
1.8454056680202484
2.0175271034240723
1.8656786680221558
1.9318023920059204
1.7576150596141815
1.9588561058044434
1.8296325206756592
1.8853116929531097
1.9218842387199402
2.0447250306606293
2.057460516691208
1.9854510128498077
1.9065981209278107
1.8397297263145447
1.7241380214691162
1.8793284893035889
1.7669812440872192
2.01833039522171
1.803207278251648
2.0775424540042877
1.856052190065384
2.0177367329597473
1.7799477279186249
1.7837564647197723
2.082848906517029
1.9507497251033783
1.9909142553806305
1.8461651802062988
1.8888347148895264
1.7271153926849365
1.8420415222644806
1.8171735405921936
1.8801292777061462
1.9087376296520233
1.932247668504715
1.915881484746933
1.9194114804267883
1.9912917613983154
1.8909339308738708
1.9973880052566528
1.8735418021678925
1.9182425141334534
1.879620224237442
1.9446258246898651
1.8546281456947327
1.8318277895450592
1.890332281589508
1.9411241710186005
1.7580179870128632
1.9033325612545013
1.845866471529007
1.9310041666030884
1.8867766857147217
1.7352740466594696
1.8048296570777893
1.9402253031730652
1.855723649263382
1.971083790063858
2.119088441133499
1.9772538542747498
1.9521673619747162
1.9077932834625244
1.8973943293094635
1.9285494983196259
1.8866967260837555
1.9017376899719238
1.9736365675926208
1.7805424928665161
2.0281768441200256
1.9627430737018585
1.9769039750099182
1.8446670770645142
1.8070286810398102
1.8967529833316803
1.8723078966140747
1.816655844449997
1.8820713460445404
1.8738804161548615
1.834799736738205
2.0293856859207153
1.9680390059947968
1.7256003022193909
1.9352765679359436
1.8258242011070251
1.8943700194358826
1.9892894327640533
1.9274215698242188
2.078099697828293
1.9558677971363068
2.0075375139713287
1.7848781049251556
1.907679557800293
1.8710430562496185
1.8348001539707184
1.9186373949050903
1.9873807728290558
1.7287157475948334
1.8041017353534698
1.7453296780586243
1.8756034970283508
1.8296200335025787
1.7642180025577545
1.8130293488502502
1.977624773979187
1.7800870537757874
1.8457933366298676
1.8155601024627686
1.8197573125362396
1.7704895436763763
1.8881205320358276
1.8647090792655945
1.8256299495697021
1.9636673033237457
1.8229256868362427
1.902372121810913
1.9512996077537537
1.8648382127285004
1.9768609702587128
1.8025025129318237
1.9531881511211395
1.8935222327709198
1.7937452793121338
1.8635371625423431
1.9685183465480804
1.9408986866474152
1.9792609512805939
2.142266124486923
1.8004042208194733
1.9575676918029785
1.8627963960170746
1.908247709274292
1.8820470571517944
1.8855293095111847
1.93621364235878
1.887676477432251
1.8141539990901947
1.9694947302341461
1.8901649117469788
1.9281004667282104
2.0425283014774323
1.8515002131462097
1.7404883801937103
1.8025954961776733
1.7860329747200012
1.7491261959075928
1.921182781457901
1.672098994255066
1.7806652784347534
1.9037837386131287
1.7983382046222687
1.9432348012924194
1.8233061730861664
1.9005812406539917
1.95224529504776
1.8611939549446106
1.9587092399597168
1.7894006371498108
1.7815878093242645
1.8907910883426666
1.7768543660640717
1.8587426543235779
1.9461185038089752
1.7841406464576721
1.7095842063426971
1.7964600622653961
1.8382682502269745
1.858611524105072
1.7561892569065094
1.702416867017746
1.9019891023635864
1.7711998224258423
1.7876331806182861
1.8052251040935516
2.008830964565277
2.008834093809128
1.8628325462341309
1.8843272626399994
1.7958073318004608
1.8416488766670227
1.7818184792995453
2.0098824203014374
1.8775041699409485
1.919655978679657
1.9252279996871948
2.0179521441459656
1.8921028971672058
1.7609151601791382
1.9385602474212646
1.8327209949493408
1.888780266046524
1.872378647327423
1.7609696090221405
1.7730083465576172
1.7473844289779663
1.8967189192771912
1.9011786580085754
1.8616889715194702
1.9201880097389221
1.8267339766025543
1.7717849612236023
1.8373156487941742
1.8260965049266815
1.7148804664611816
1.8966371715068817
1.845495730638504
1.936604917049408
1.7949607968330383
1.7982403635978699
1.8297440111637115
1.8410709500312805
1.9586586952209473
1.791456013917923
1.8249939978122711
1.8052132725715637
1.8564395308494568
1.8520545065402985
1.884718418121338
1.7496064603328705
1.863063931465149
1.7955329716205597
1.7446878254413605
1.7571608424186707
1.78530153632164
1.7090263962745667
1.938021570444107
1.7813406586647034
1.8137467205524445
1.9768845438957214
1.9995523691177368
1.7717308700084686
1.761013388633728
1.6884260177612305
1.7769909799098969
1.9291166067123413
1.8514065742492676
1.7617260813713074
1.654711663722992
1.8274764120578766
1.7822413742542267
1.8205468654632568
1.9550235569477081
1.7675973773002625
1.6651665568351746
1.8909554481506348
1.793767273426056
1.7317381799221039
