3.662987887473073
3.4881960973663557
3.462304161945107
3.4483659310806782
3.4420237397386924
3.4337754431863132
3.4310672852180057
3.426564627591658
3.42280886988578
3.4209161177054717
3.418860659181537
3.4162477494801506
3.4125105642963383
3.409858522095447
3.407930361963103
3.4068075559015645
3.403284937901012
3.401798180426106
3.3982426383618938
3.3965755145725676
3.3939841805046362
3.3922950723027423
3.3902522763488063
3.391192955292709
3.387759145924957
3.3871897121339827
3.383761571209547
3.385625091768571
3.3841221078205206
3.383814408023241
3.3799908597649986
3.3802448780770793
3.381122791859231
3.3813368704686253
3.377936842360145
3.378487528454984
3.3776624699829823
3.376928437802038
3.3766172389506344
3.3755083979810343
3.3778775487529673
3.377304452856778
3.375909136112404
3.375630922697239
3.37527514024009
3.3747033455138906
3.3744982044813283
3.3742778140490692
3.3732791984693358
3.3729115187349255
3.374087826234631
3.374396487268232
3.372348587213461
3.3713139431812946
3.3727066227618385
3.370571790298341
3.3718563278436897
3.371092901094366
3.372090295061157
3.3713414324958206
3.3704104297241924
3.3708307269295807
3.3710195970975034
3.3699639356980176
3.3699542945724423
3.3706578969034338
3.3694350849892776
3.3694911908770604
3.3699757871426947
3.368772067508455
3.3683015796265834
3.368037802688146
3.368950023578623
3.3678732354524485
3.3682004557263223
3.3680584924973376
3.3682299987714766
3.3669855540111318
3.3673112638747824
3.3667707617505123
3.3679342440154
3.367256998302692
3.3681630913097624
3.366899041776524
3.3666189254845604
3.3664279043941887
3.366733679653759
3.366732913053642
3.367067127587907
3.3669374377902224
3.367233390079538
3.3666442678284905
3.3662359722233486
3.366391628787501
3.3657351598247573
3.3657067947438803
3.3665459246661587
3.3662587442283973
3.3653265337495957
3.365930924595056
