5.993300004438921
5.941326228055087
6.042228438637474
6.017378633672541
5.895345297726718
5.593540581789884
5.799287752671675
5.816642544486306
5.95206373388117
5.694923487576571
5.625450611114502
5.793466221202504
5.3875908418135205
5.798100254752419
5.655303781682795
5.85679782520641
5.810616753318093
5.67147666757757
5.525957974520597
5.759879849173806
5.781308217482134
5.6270904541015625
5.3663788708773525
5.429241874001243
5.43334995616566
5.377085425636985
5.415964516726407
5.286904811859131
5.484644933180376
5.5129780335859815
5.378824234008789
5.422107263044878
5.066201383417303
4.913428740067915
5.27715895392678
5.268100651827726
5.387277299707586
5.203757719560103
5.014182090759277
4.90777605230158
5.288541403683749
5.165282726287842
4.997617634859952
4.618873206051913
5.041287552226674
4.970852505077016
4.820622790943492
5.3375844088467685
4.241334091533314
5.002768343145197
5.105945847251198
4.590420809659091
4.576920119198886
4.079162034121427
4.522897676988081
4.525663115761497
4.279810038479892
4.589209166440097
4.368808009407737
4.690369259227406
4.110339034687389
4.143035541881215
3.9464023763483222
4.17703086679632
4.885514346036044
5.0996880531311035
3.5917544798417524
3.5901940085671167
3.3492011807181616
3.8701360008933325
4.231359395113858
3.8257191397927026
4.500834161585027
4.521367029710249
3.9930425990711558
4.213669690218839
3.8641328378157183
3.8002344478260386
5.305818991227583
4.96701600334861
5.431000622836026
3.1723081198605625
4.838512594049627
4.434447158466686
3.4164448001167993
3.9514288035306064
2.682539614764127
4.215849312868985
4.018246650695801
3.9337834011424673
3.3535902716896753
4.103383541107178
4.475988778201017
5.050959890538996
5.363120685924184
4.034529946067116
4.532489516518333
3.643965309316462
4.7318595972928135
2.9970548152923584
