9.142196384739876
7.762939562106133
7.637740467429161
7.542690062582492
7.434728010058403
7.330813562500476
7.221022013199329
7.199651374912262
7.0779367250323295
6.988119999301434
6.9200759137749674
6.864116533136368
6.7699896787047384
6.695260388970375
6.603524268996716
6.5838689425110815
6.455746437096596
6.467538496899604
6.373198995482921
6.2938886751174925
6.212823471450806
6.159252119088173
6.138616887152195
6.0333003046631815
5.990604975104332
5.91717241255045
5.869746993863583
5.846287037777901
5.759368103384972
5.7119028894841675
5.640752007746697
5.611649904799461
5.554030961716175
5.497636890256405
5.467894142055512
5.410112388336659
5.369716432213783
5.315855561351776
5.286765013718605
5.215243681001663
5.1837346688508985
5.152977318155766
5.097030451345444
5.068377129423618
5.021281351721287
4.951057473641634
4.900140314936638
4.8737956048846245
4.831103639280796
4.784730518817901
4.744348469758034
4.727753292059899
4.664553060859442
4.62462315942049
4.603048572409153
4.53981318756342
4.492997279804945
4.435882977151871
4.439477604073286
4.3820078086137775
4.331312861549854
4.332200202727318
4.265381162959337
4.235315128827095
4.205854136985541
4.169391037917137
4.119620190632343
4.091474380010366
4.074932178938389
4.035680558240414
3.9966349977612494
3.936711355084181
3.928319418680668
3.89195262542963
3.8643852312862874
3.82535162499547
3.803014680159092
3.7700679268181325
3.7279391059339044
3.699651462036371
3.6726535943329335
3.644551973718405
3.6168539236187933
3.5801425813674927
3.5677210312187673
3.523721383357048
3.497820213508606
3.4488619386434554
3.437813425332308
3.4207088909089567
3.4084506748616694
3.342023796623945
3.3468456567049025
3.3206511416971685
3.2889850018054245
3.245362576138973
3.231517296743393
3.1998006372213363
3.197891197744012
3.1356031738996504
