1192.6332594284406
1180.8880204688455
1169.5746732332807
1156.1402475562081
1141.0280998304536
1124.3127482162624
1105.9132527404188
1086.217474325472
1065.0156682415195
1042.6343138256757
1018.9391671345365
993.8232940773233
967.5763231706153
940.1185361383792
911.4495434093164
881.6300024970735
850.7858856897012
818.8635317525957
785.7853642069167
751.3351408619834
716.7039932598897
680.8291334717592
643.5397795139772
606.4172151546913
568.2059859483949
530.2562654476601
493.2017276527827
457.63746546145757
424.99562989772335
397.77037846071323
374.6458775523431
355.56952349137794
341.6965708530687
330.3525156027331
320.43089013612234
313.1512322689889
307.0954615689256
303.0921680065242
300.5534018600414
297.2723390162962
295.0354547407417
293.536608668026
291.9164324334856
290.39311195895414
288.241019606202
286.51268224063836
285.45172171328664
285.8712732520088
284.07494282178845
281.7989536248123
281.2060355270336
280.1721223961647
279.7974310014458
277.18460684412855
276.5959825298297
277.20358507485656
274.9232783115648
273.881689984946
274.25084069963384
273.1353300510866
272.05706787109375
272.3929233116125
270.00695020445784
270.3228472482886
269.16177442718407
268.1276542091991
268.604810161777
267.30607358951136
266.6349765640905
266.0147026136566
264.8310987491173
264.00519559282435
263.12797745198304
261.6034001900241
261.6204249975347
261.25314763469885
260.894840128647
260.5294393980542
259.38624853575266
259.1062667299948
258.50177230586445
257.66095171999854
257.50166922205824
257.3246792473312
256.09434521703065
255.23421711875096
254.6746714837388
254.26469990484878
254.12465178151083
252.3223154024503
252.2682248839338
253.3728647138863
251.2711026319075
250.6680457646373
249.66673169462223
250.83185813481333
249.2412175728366
249.0001389444457
249.11164754066095
247.5598983019105
