3.26243234798594
3.1296419729368887
3.0568437785943776
2.9941105652310482
2.9517332578205466
2.900472060320019
2.8560298856915107
2.8377702166431593
2.798904827297726
2.7692270726785915
2.7380714065715277
2.717636799734741
2.6810256555606937
2.64689641160979
2.6084453819799767
2.5856497303190737
2.5775495380676365
2.5400210670520313
2.5029349728660364
2.470826230771573
2.456745351255268
2.4163369945372692
2.3871954167931477
2.3589090006622238
2.3285563243308753
2.3271015564138504
2.285706096684793
2.2483630317509666
2.2383505298950834
2.200503957902018
2.203038273953297
2.156587921213299
2.1188909427005678
2.116669925342623
2.0865893475430237
2.0740931249033348
2.0232978637254964
2.0343019046799142
2.00118376123535
1.9831125653140504
1.9635763622709557
1.9304009413420546
1.9141053748973642
1.9145411750662018
1.881913010410557
1.879725455608511
1.847094333970697
1.8427625214531864
1.8179855293089235
1.812640592918692
1.792359280746825
1.7883927893082743
1.772425184349134
1.7411875387341826
1.7387526494951504
1.7283424197711144
1.7242137545072567
1.713283736967483
1.6865557545080858
1.6719002499113838
1.6747342761857524
1.643997204992915
1.666134418669756
1.6443856016859042
1.6347990172821372
1.6322841813930147
1.6000285663129123
1.6002638401688032
1.6232207584227636
1.6014485927834923
1.5615676640719467
1.6043440450280326
1.5733475837698112
1.5543059226029554
1.5399327672028023
1.5435599925194496
1.5183528239720117
1.5048860985866854
1.5087953959669482
1.5173009257174686
1.5153392834010893
1.4770618272158074
1.494149910338207
1.4829375777298515
1.48117775381113
1.4802323019876207
1.4654652941217647
1.4464258416288136
1.4653339610157778
1.458211763241206
1.453430636873636
1.4281686441785442
1.4411576240755302
1.4498789617866938
1.445218905960608
1.4228564175518472
1.4374452067013506
1.437699677273495
1.4266447156699262
1.405908876285184
