3.361545805455567
3.195981855742668
3.1059355800025665
3.0528576517652843
3.0100878488298384
2.974348813833287
2.9398392164158746
2.9079936318636923
2.880626416924704
2.852065496268524
2.831118281841299
2.7971447818720434
2.77895839235079
2.756221424648546
2.7252837012892113
2.695358363844568
2.6755280940548727
2.644858640228712
2.6156024627447407
2.6067361102262168
2.5790722193872133
2.5569902934631954
2.5399507155421435
2.5265714012022396
2.493648993258161
2.478196177307617
2.4675953128805355
2.4497133327106715
2.4194903016386635
2.4035926945615698
2.385074521165069
2.360891415136532
2.3606338595411898
2.333229332362083
2.3209847150435023
2.3154276023381675
2.2872149185228676
2.2827323251572658
2.2571708089113485
2.2626030607778436
2.222998207549178
2.2091940401488435
2.205721403083877
2.1962149125605857
2.199614456552001
2.173826961952112
2.165478408527094
2.1600922279351216
2.152489173534398
2.1323160580526928
2.11783097932062
2.116251408647094
2.094877501394064
2.112524462301971
2.091355370470747
2.082118279204133
2.0872797909785645
2.048819176340745
2.077679463299163
2.058768377458368
2.056861361361695
2.04464103042331
2.0359494870443644
2.0346518588448235
2.022748838899046
2.029742358614401
2.009624109575402
2.0048043861663305
2.0042468198029866
1.9877175367651114
1.9890723970442847
1.9836441581581743
1.9678059408352682
1.9651681285629674
1.9641541205815474
1.9698049816012584
1.9640356656098013
1.9485911189868332
1.9367074919666407
1.93622445075847
1.940124433717049
1.9310451809240152
1.9166592830485965
1.9206175343878713
1.9262910212182405
1.917917932317644
1.8999298294123665
1.9093411705373282
1.9031442823964095
1.8890235250396674
1.8910848337863007
1.8936546983881675
1.8856354619260853
1.894890750646505
1.8909059384806124
1.875644763712361
1.8591600379449742
1.879173154455509
1.8708231504071668
1.8670644244250696
