0.2129947369863622
0.14687890543660045
0.14039025596473426
0.13771171207730856
0.13629848461488947
0.1332273533634526
0.12996776336470334
0.12725758625358247
0.12449485379049754
0.12149164756511244
0.11784409070296474
0.1151709946703639
0.11294088427717601
0.11106040212249911
0.10895601276563123
0.10797769607860801
0.10650500180715458
0.1055908078746415
0.104097376586657
0.10338594091006521
0.10209247304872891
0.10148428602550627
0.10038081747070197
0.09965941768612846
0.09906341811393293
0.09846829421551298
0.09780247379640415
0.0972483230311824
0.09597413069553407
0.09635665748231963
0.09513210954223471
0.09504963718476046
0.09481538161150019
0.09432305391962831
0.09371521612720303
0.09289096479064479
0.09305348712040858
0.09243481666917522
0.09241527132083228
0.09216900018168195
0.09172358366293705
0.09153179076867306
0.09068610207314212
0.09097317802789545
0.09079527330709203
0.09064218706484727
0.08986483801896487
0.08929618297551276
0.08886160513428601
0.08904699386622308
0.08937505703019008
0.08941258482804904
0.08840104696076934
0.08847152220892207
0.08780672745809492
0.08843450048022239
0.08803168974258613
0.0881921754063923
0.08782161882675044
0.08774872852264864
0.08734808163262346
0.08730513220258566
0.08683445992658115
0.08776450727486844
0.08653468921392282
0.08751790690257029
0.08649735294695009
0.0866207396581235
0.08721436022595784
0.08657481817449732
0.08691481145323293
0.08635730460189064
0.08679131208539785
0.08620763704156449
0.08598487239318872
0.08583551532428117
0.08579642739426041
0.08651213674329779
0.08625299856066704
0.08579797065947266
0.0858600644898337
0.08536554933662135
0.08561398098639635
0.08587016304803205
0.08567524030319254
0.08477307920395745
0.08578001891023174
0.08513494527592333
0.08488530145066181
0.08538503633017261
0.08499642864403585
0.08514871234711296
0.08493848734744597
0.08506147149671173
0.08553486973872403
0.08430662924721109
0.08553732396482645
0.08542759436203913
0.08470197862881791
0.08432644053517024
0.08425235990980938
0.0847122724189238
0.08466356825872236
0.08379066257406911
0.08440338178304196
0.08460005684619229
0.08404106422288021
0.08375598672255631
0.08388491122943958
0.08439576273923588
0.08383730076957215
0.08455302244725756
0.08295026047804456
0.08383414553363082
0.08423636020055035
0.08400994147316641
0.08411609239463698
0.08427646964885513
0.08347187073543327
0.08323918896384465
0.08367013584227825
0.0837004651051585
0.08421633268193818
0.08368995408330368
0.08325110533629644
0.08334506889168136
0.08340805759259078
0.08274277254744927
0.08365221288819655
0.08320065203095492
0.08310393307127471
0.08326724017530389
0.08321602370723451
0.08371908771001554
0.08260957578785645
0.08307855744946274
0.08342497798247135
0.08324397423877972
0.08398883197614347
0.08371928839031183
0.08309373367541388
0.08332882711135992
0.08289666322791032
0.08347350668392663
0.08296705430513096
0.08239569911181151
0.08303139850206018
0.08300334303746006
0.08261632810101059
0.08264153783212655
0.0824137031667978
0.08282172955354185
0.0825615911122642
0.08256992213549365
0.08259295929429586
0.08257938654492655
0.08307532039061431
0.08237082503905901
0.08258619197077005
0.08333678390066282
0.08225038737446944
0.08268121989134468
0.0823335544439791
0.08241203125165805
0.08249489757981673
0.08206961874270673
0.08228706024854113
0.08264660337751774
0.08155449843853227
0.08289979478338254
0.08207154692626932
0.08257043457526338
0.0822596835269796
0.08226598148819678
0.08278876862182291
0.08262799820993157
0.08246539902026956
0.08193383581863553
0.08193113174325868
0.08221100211289108
0.08252447218625088
0.08254717468778551
0.08233605419871085
0.08219527328198818
0.08189060631229357
0.08203447754540351
0.08252161725481869
0.08225761580884651
0.08165859342446545
0.08157079117160278
0.08176931123634502
0.08199639625677457
0.08244390376761604
0.08164846685985012
0.08196441565885994
0.0814607937422851
0.08243866810265697
0.08210185716225969
0.08220682401173666
0.08267191964950935
