2.6544059651443614
2.5338349862104703
2.488286254217859
2.4586734443854192
2.433622424121076
2.4155395771088632
2.397776842292571
2.3864079902705675
2.374320401183157
2.364224833568479
2.354498206369472
2.34916859508673
2.3382307790533545
2.330940666124123
2.327312340416672
2.3205345109357727
2.3142331226419555
2.3110339898756402
2.3055338409948205
2.302744976636339
2.296119159847668
2.296926611563363
2.2907296979592386
2.2893727209459533
2.2835871100709872
2.2804210275726424
2.2762676276290326
2.276773327006447
2.272882515554024
2.2683060273474394
2.2662475748784567
2.2669494956727334
2.262679427078568
2.2603119170081087
2.2586864124918433
2.2569096232099777
2.25469470994752
2.251663420033837
2.251384072824228
2.2492230199279017
2.2464479929529637
2.246963236878645
2.24490633198273
2.240599778963576
2.2411358664150787
2.238639743690601
2.2391183246195947
2.235194998319205
2.236623903267067
2.2353989085993047
