0.33252021316754615
0.25386387236037494
0.34546538303464147
0.3314332067966461
0.30716949701309204
0.3543541431427002
0.2894146144390106
0.2591802775859833
0.1588752567768097
0.2421424686908722
0.30096331238746643
0.3122372031211853
0.20031856000423431
0.27462759613990784
0.27427709102630615
0.3101479411125183
0.20542187988758087
0.31178876757621765
0.296338826417923
0.22009733319282532
0.29021474719047546
0.32744133472442627
0.2588258385658264
0.2766169607639313
0.33728843927383423
0.4251432716846466
0.18520091474056244
0.27880966663360596
0.37595927715301514
0.22868548333644867
0.2360442578792572
0.3045099079608917
0.3004249036312103
0.3947940468788147
0.22215652465820312
0.19988198578357697
0.24646134674549103
0.31524595618247986
0.33613988757133484
0.3028078079223633
0.2257341891527176
0.30723094940185547
0.299529492855072
0.2878303527832031
0.38527122139930725
0.3186378479003906
0.3522825241088867
0.2875334620475769
0.3671269118785858
0.28950807452201843
0.27964943647384644
0.3603118062019348
0.27244824171066284
0.38918623328208923
0.2555561065673828
0.23704306781291962
0.23442523181438446
0.3393475413322449
0.3930945098400116
0.23597601056098938
0.26458221673965454
0.27648237347602844
0.2531091868877411
0.39796173572540283
0.1539095789194107
0.1726098656654358
0.2507791519165039
0.3677244484424591
0.2635400593280792
0.45431485772132874
0.25490453839302063
0.22477500140666962
0.39858657121658325
0.47056546807289124
0.2707456946372986
0.21576499938964844
0.3234332501888275
0.2702779769897461
0.26271671056747437
0.34418097138404846
0.36812636256217957
0.31469473242759705
0.2922486364841461
0.5165038108825684
0.25752535462379456
0.29505911469459534
0.33636316657066345
0.29257458448410034
0.3943980932235718
0.13540205359458923
0.35656845569610596
0.22409026324748993
0.37835821509361267
0.28202611207962036
0.33856499195098877
0.28483879566192627
0.22999201714992523
0.2814365029335022
0.2763734459877014
0.3204581141471863
0.26138371229171753
0.3160651624202728
0.21767139434814453
0.1833394467830658
0.26899051666259766
0.3488897681236267
0.2886022925376892
0.36877408623695374
0.31068652868270874
0.26869943737983704
0.37070831656455994
0.28028714656829834
0.2954403758049011
0.31803271174430847
0.3240334391593933
0.36898812651634216
0.28535187244415283
0.48404407501220703
0.3313322067260742
0.33972644805908203
0.2548108696937561
0.20451068878173828
0.30168724060058594
0.2733534872531891
0.29874008893966675
0.18508921563625336
0.26576751470565796
0.3384079337120056
0.26759952306747437
0.2833312451839447
0.3217560648918152
0.2465217411518097
0.3059125542640686
0.2962512969970703
0.22609171271324158
0.32467120885849
0.3021396994590759
0.21522946655750275
0.20731523633003235
0.32808879017829895
0.33667343854904175
0.2664983570575714
0.25782522559165955
0.26902687549591064
0.305206298828125
0.28070810437202454
0.18754397332668304
0.29350441694259644
0.3105084300041199
0.1401553750038147
0.21631866693496704
0.34099507331848145
0.24528133869171143
0.2322762906551361
0.3274398446083069
0.2609094977378845
0.27329403162002563
0.27395641803741455
0.2882905602455139
0.26583248376846313
0.3660151958465576
0.27030447125434875
0.41876402497291565
0.3236493170261383
0.21768920123577118
0.2581304907798767
0.317133367061615
0.28298473358154297
0.1820697784423828
0.33833959698677063
0.3543969392776489
0.2300908863544464
0.31754323840141296
0.23300701379776
0.333851158618927
0.3024951219558716
0.4132600724697113
0.3860105872154236
0.26026651263237
0.37548065185546875
0.25359100103378296
0.2954493761062622
0.27569380402565
0.21982215344905853
0.36911994218826294
0.20455212891101837
0.21727752685546875
0.24735207855701447
0.242489293217659
0.30438855290412903
0.35502001643180847
0.27268993854522705
0.29283270239830017
0.296508252620697
0.26167720556259155
0.2575957179069519
0.2617654800415039
0.45835813879966736
0.1824798583984375
0.25819578766822815
