3.549766291789401
3.3381724701858952
3.3369780013600874
3.337516178797487
3.337564756582979
3.337271757568349
3.336646773313221
3.338374025273521
3.337902345733299
3.3382045250189933
3.3380642480467166
3.3380815338890306
3.3381812465157865
3.3376722320955547
3.3381814959141685
3.337145950407863
3.3372920306600693
3.3374329524687454
3.3390954887272577
3.339079150367642
3.337874628913039
3.3381965002689995
3.3385846476970946
3.3376522277200653
3.337933619184177
3.337655629230008
3.3384170996185154
3.3379503179785286
3.337351377320752
3.33723715393497
3.3377714503009566
3.338130952991607
3.3387451338635916
3.338029113337604
3.3381199600623916
3.3378482811008463
3.3380101747459983
3.337703564573193
3.3382539345452
3.3376961539491723
3.3380463386671697
3.337924035962599
3.3370088871331096
3.3378736774677056
3.338911446507948
3.3369672794586402
3.338456304449784
3.3370048150296356
3.3383629220509463
3.3385402481806907
3.337711597908897
3.3374521732330322
3.3380450262917707
3.335994093619555
3.337826766878614
3.337774703624836
3.338500878817487
3.338324714482986
3.3390186902063377
3.337323052978912
3.3382552957105505
3.3377907286885704
3.3377847264513085
3.3387604224549765
3.3381592933490998
3.3380578522702002
3.337923570848238
3.338518344877169
3.3380915733090397
3.337750445359962
3.3387633064281905
3.3366242548105127
3.3396027518276363
3.3385429178413593
3.33843093103319
3.3390538557084315
3.338874978041715
3.336340143822567
3.3375341614857934
3.338409251288364
3.3386410031457356
3.3369030265596766
3.3383024806296064
3.3371365200779777
3.338344828243731
3.337421990415066
3.3388976263207413
3.338266257351455
3.3377065576839975
3.33768236174808
3.33759095538356
3.3389030964916104
3.337833964428413
3.3380375474773945
3.337593554872555
3.3390331785104284
3.3389392574408046
3.339165601126045
3.3378580068947534
3.3373579752742417
3.336877605096125
3.336941960858506
3.338740917289026
3.3382782935270643
3.3385236272356185
3.3373813605209466
3.3376836120421864
3.3380115522572207
3.338120649891217
3.3372581784414783
3.337119979046058
3.3377846913654716
3.3372518801623103
3.3386537603559256
3.3386785392946154
3.3387133608729553
3.3380482970347365
3.3382510258880678
3.3373815708708565
3.338356214959866
3.3375839828784444
3.3383454206577627
3.3383459884704316
3.33736148162892
3.338682242542753
3.3391265614045955
3.33681422554555
3.337181956401492
3.3378186882202647
3.338329893565244
3.3389243531425246
3.338304156329163
3.3387185094098966
3.3386229312981266
3.337479652460262
3.3387383335680183
3.337938495620136
3.337797804800097
3.3369273371643637
3.337908017998587
3.338420342375367
3.3378667440110625
3.3378853600606364
3.338613613408028
3.3380063875395174
3.3378385376401885
3.337407791961263
3.336971603932473
3.33812043673444
3.3383012395816496
3.3382076552535027
3.33790626544041
3.3380166837878504
3.3382276219013987
3.338853768777319
3.3367463696201094
3.3370136001929023
3.337364343642528
3.3383353284851665
3.337498843917556
3.3387329315875047
3.338321603153551
3.3379287789072687
3.3380103179787666
3.337009943753398
3.3389210418650976
3.338780046665107
3.338107361440183
3.3379957991293594
3.3371320176983144
3.3384448428563465
3.3376496767733568
3.3384383062411542
3.337551713815356
3.3378854540906784
3.3381052150950867
3.3380614699088964
3.338295641203006
3.3380443256482524
3.3383839537397315
3.337898429988824
3.339127235135213
3.3384917238082252
3.3387977031789657
3.3369482918294184
3.338498856304755
3.337059848939283
3.3382013049647417
3.3387247025141096
3.3374886809128474
3.3381766193131
3.339069403852452
3.338382920647592
3.3378231475062647
3.3385005082284973
3.3391493003289123
3.3382649221083462
3.3384389202845726
3.337487416501851
3.338078505114505
