4.474759897697005
3.6001160774699867
3.597946518345883
3.59330087198445
3.5976149569422913
3.6018969336540083
3.599539319233881
3.6056950013062963
3.601294235096744
3.5958287561534186
3.596074510974567
3.596970970280613
3.599302192308896
3.5925549524642753
3.596290887557899
3.5983325446081293
3.6024474627918814
3.5978465673831033
3.605956367591081
3.599206041926492
3.5997351758863125
3.604937194291905
3.5986030640034135
3.5943936926010904
3.5982936879934697
3.5960014786086254
3.595903874681927
3.5923148500952364
3.597975394649849
3.5958357587085206
3.5926033073515113
3.600792037070293
3.599495871575585
3.600808908321851
3.596470304638395
3.5943552134274777
3.600307019711201
3.601128435943926
3.6000272143745686
3.6003503280168094
3.5966849213161627
3.5980548298094743
3.6011123891682506
3.597901810569446
3.605209706645263
3.59589143951844
3.603143069304918
3.592923269047301
3.5986925377574983
3.597858311149222
3.5978571464645563
3.6016372212742835
3.603783548786369
3.600443444753948
3.5941055752233786
3.598370169173317
3.5948587530537655
3.597985664232946
3.606169177637206
3.6025019921259207
3.5968582796918387
3.6046597748747162
3.5975210243975355
3.5985767577988947
3.601454782436429
3.598630441357885
3.6009460774319986
3.597654900062117
3.6005590942757943
3.5986406884860465
3.600182066168481
3.600493636322814
3.5946536384461
3.598145370998541
3.6030663954419113
3.6005844311205633
3.598808520223295
3.595828137652035
3.5974063261559137
3.603250181658446
3.5977023645120974
3.599705749188764
3.593568513102809
3.6036569107932728
3.6006360652539207
3.5941674785270585
3.597029827143017
3.59519203011349
3.6038492609259163
3.5989676575251233
3.596919072549429
3.604499947578953
3.5991433964541746
3.601734980156547
3.593440760370767
3.596406662232988
3.5967104496057676
3.5986469244362573
3.5994636452759403
3.5979532748047993
3.5927579914764025
3.598882652055524
3.601438919262873
3.597301895185851
3.603218013064683
3.6033176841663193
3.6022534385282245
3.5913140972730524
3.594504418878344
3.598846591823319
3.5904586804705643
3.5959035499109127
3.6065126372671523
3.602740103765868
3.599150681016848
3.597858079995475
3.597860457989648
3.599570549673651
3.6017732017588417
3.5918543372623146
3.595636523413856
3.595956117244969
3.5990638729607958
3.597692557649269
3.5991095993822633
3.599299045233185
3.5978878908210183
3.5933972668944962
3.599072717068268
3.5939560852057384
3.598921264885535
3.5969257439767883
3.5991735270974377
3.5916107022861365
3.595033709279718
3.595625107390729
3.6048430792182438
3.59982708765199
3.5982952420070893
3.5990952052733243
3.602592429543466
3.599905195658887
3.60187040818365
3.5998113671333174
3.595806366518924
3.5999975200340026
3.593970468334874
3.596437265833329
3.6060199531987105
3.5922437609067583
3.6001156440567113
3.5939801201595825
3.5951117127720997
3.6043083035384518
3.604291014724161
3.5971025460479664
3.593755191795714
3.597104022707635
3.5991747611282277
3.597169067390738
3.5959525597062467
3.598572414915317
3.6018764564865515
3.59659505715991
3.5920392258345584
3.59790662756587
3.596492028219878
3.5934783476211356
3.5957700573011118
3.5984636634340577
3.598218030546511
3.593859719602685
3.5963415299591266
3.5954930151598608
3.5917005495186327
3.606388278367447
3.6026113686304013
3.5975693995932794
3.59935031612494
3.602091372756086
3.6033734013003986
3.5962552147558853
3.5997787441573315
3.593249441348945
3.602384855955261
3.603277701337582
3.604658059301139
3.5986544827510114
3.5999941059757137
3.5954177900529634
3.604974137696533
3.5999044094884827
3.606908033676755
3.6011446002777925
3.595855436249123
3.5960349950763986
3.5919375743231945
3.6054584681987762
3.594185244673837
3.5918951614906915
