10.310915637016297
7.405617415904999
6.858397424221039
6.773843216896057
6.504745197296143
6.5065420269966125
6.176306486129761
6.047856235504151
6.13414089679718
6.0044120967388155
5.95345351099968
5.760588824748993
5.766604161262512
5.670583373308181
5.668946242332458
5.524981468915939
5.524562346935272
5.534992599487305
5.453324466943741
5.50561049580574
5.521680343151092
5.330109339952469
5.267926442623138
5.31838812828064
5.291808432340622
5.33213506937027
5.423762637376785
5.355597507953644
5.232303702831269
5.263870042562485
5.209774369001389
5.151872837543488
5.03610308766365
5.220869261026382
5.3247986257076265
5.138462764024735
5.197559559345246
5.1255777180194855
5.092917710542679
5.017093980312348
5.17323466539383
5.018458539247513
5.029445469379425
4.965719002485275
5.0908617079257965
4.97372013926506
4.954494053125382
4.879148238897324
4.883575022220612
4.930359297990799
4.913313740491867
4.976066088676452
4.970918309688568
4.900796300172805
4.865930718183518
4.78934497833252
4.982705599069595
4.871334260702133
4.770951730012894
4.7764437913894655
4.854198932647705
4.884383481740952
4.733271592855454
4.866026067733765
4.7504465758800505
4.8241021752357485
4.874028462171554
4.9100474417209625
4.839810067415238
4.878009557723999
4.738386875391006
4.72238786816597
4.858076876401901
4.852926808595657
4.847967976331711
4.893752610683441
4.767755186557769
4.664401704072953
4.663801646232605
4.813098967075348
4.66672602891922
4.752842599153519
4.849026292562485
4.611604332923889
4.689051818847656
4.893703305721283
4.607740420103073
4.712092226743698
4.633772742748261
4.769107913970947
4.800228369235993
4.776054459810257
4.734014874696731
4.693436795473099
4.664439803361892
4.649412488937378
4.671691572666168
4.668299901485443
4.7054519832134245
4.667742604017258
4.705610597133637
4.72169041633606
4.599782544374466
4.668306052684784
4.661754018068313
4.620759850740432
4.779457771778107
4.706763637065888
4.728658008575439
4.746147865056992
4.721589928865432
4.663884991407395
4.595572829246521
4.550752484798432
4.600093984603882
4.6315277218818665
4.650122141838073
4.547193539142609
4.559915447235108
4.641031354665756
4.59660017490387
4.64219697713852
4.6164137661457065
4.589055222272873
4.534455931186676
4.573044675588608
4.562223327159882
4.556973069906235
4.552066624164581
4.665568524599076
4.551454466581345
4.621598875522613
4.709747874736786
4.723455637693405
4.585180032253265
4.580201852321625
4.72067443728447
4.552407139539719
4.53486135005951
4.608815640211105
4.671970200538635
4.511162376403808
4.524716603755951
4.57672928571701
4.505376261472702
4.482188129425049
4.470010268688202
4.479694378376007
4.545692962408066
4.522827279567719
4.502747946977616
4.443786782026291
4.57447572350502
4.623345601558685
4.507970052957535
4.546330046653748
4.56707261800766
4.5479915797710415
4.494993484020233
4.615907675027847
4.489458137750626
4.468168556690216
4.434794867038727
4.473721361160278
4.505626511573792
4.494937109947204
4.503164428472519
4.426736801862717
4.467805445194244
4.4974257290363315
4.433689773082733
4.508552992343903
4.466441601514816
4.56116709113121
4.5058660209178925
4.367479926347732
4.4209934890270235
4.5185734033584595
4.472461992502213
4.45262787938118
4.428960353136063
4.495693743228912
4.513696211576462
4.44256147146225
4.4576181948184965
4.617384159564972
4.5244153380393985
4.470288109779358
4.518343108892441
4.483205217123031
4.426223880052566
4.477446573972702
4.451279354095459
4.449631762504578
4.44564688205719
4.581180661916733
4.480868554115295
4.4264233112335205
4.465281307697296
4.517829674482345
4.681727105379105
4.517541766166687
4.544395047426224
4.480468082427978
4.4215252161026
4.403603178262711
4.534046763181687
4.405412697792054
4.398364585638046
4.438129132986068
4.530350613594055
4.540410906076431
4.5697563827037815
4.380258315801621
4.4199803352355955
4.396974271535873
4.494471645355224
4.41650168299675
4.517876762151718
4.429854387044907
4.381781572103501
4.375026828050613
4.433405709266663
4.353535538911819
4.3281136691570286
4.367338734865188
4.502856838703155
4.5895334601402284
4.537524163722992
4.430756437778473
4.412384724617004
4.475811213254929
4.4423393428325655
4.432165348529816
4.551853549480438
4.400593709945679
4.386475074291229
4.34573684334755
4.38061420917511
4.4543061554431915
4.4589017868042
4.548038989305496
4.559554940462112
4.614799737930298
4.638601166009903
4.615969443321228
4.428403127193451
4.5387961089611055
4.450502765178681
4.527383810281753
4.370143032073974
4.408635026216507
4.503290379047394
4.537377905845642
4.439625442028046
4.458781534433365
4.528800463676452
4.408558756113052
4.453588491678238
4.423373383283615
4.437047779560089
4.415857881307602
4.481530028581619
4.389828085899353
4.411522477865219
4.439220929145813
4.493943345546723
4.453587138652802
4.40723916888237
4.339244598150254
4.306796419620514
4.521846383810043
4.4689013183116915
4.430430853366852
4.353620231151581
4.512511724233628
4.463266229629516
4.460809201002121
4.490104788541794
4.488445085287094
4.4966125905513765
4.504255318641663
4.516674423217774
4.399176800251007
4.374535995721817
4.4668796479702
4.412930965423584
4.3667360007762905
4.395717126131058
4.4973779082298275
4.43465501666069
4.508295232057572
4.511368840932846
4.476365464925766
4.447647446393967
4.503095549345017
4.462987560033798
4.356842410564423
4.398816823959351
4.422808849811554
4.425977098941803
4.37260228395462
4.380286681652069
4.278155720233917
4.338560330867767
4.321838992834091
4.349257969856263
4.329854148626327
4.33663272857666
4.3688984811306
4.413220876455307
4.495230317115784
4.504338800907135
4.470261627435685
4.46261887550354
4.506868982315064
4.505383861064911
4.528226840496063
4.387491738796234
4.356785821914673
4.307124322652816
4.3696133852005
4.395319759845734
4.401293623447418
4.434594118595124
4.368721169233322
4.352272701263428
4.428981059789658
4.382213217020035
4.303761506080628
4.433114641904831
4.481830281019211
4.428287822008133
4.429407316446304
4.480449330806732
4.415666788816452
4.410817247629166
4.364216250181198
4.39993040561676
4.348906761407852
4.4254517436027525
4.505617284774781
4.4569287359714505
4.442421412467956
4.512431401014328
4.481164038181305
4.419672828912735
4.312690603733063
4.398866945505143
4.467437452077865
4.525375145673752
4.34374338388443
4.334609687328339
4.333231830596924
4.4207508862018585
4.324962687492371
4.337132006883621
4.286152672767639
4.357076108455658
4.345586371421814
4.515693271160126
4.343267142772675
4.402163314819336
4.384729897975921
4.409504932165146
4.377166152000427
4.34891687631607
4.40364625453949
4.372960704565048
4.40432556271553
4.377518337965012
4.35629940032959
4.452380919456482
4.407492733001709
4.490719020366669
4.404499059915542
4.380137592554092
4.43274684548378
4.346698546409607
4.418254894018173
4.5084279656410216
4.4799582958221436
4.388606572151184
4.4552691102027895
4.3444976031780245
4.402863258123398
4.4277843058109285
4.365292727947235
4.353813022375107
4.434383237361908
4.489971613883972
4.476297664642334
4.4487129867076876
4.465736430883408
4.488484728336334
4.343286406993866
4.319542640447617
4.33168061375618
4.393351608514786
4.384754961729049
4.403654998540878
4.321295893192291
4.412441748380661
4.372972589731217
4.533799159526825
4.431275248527527
4.502760910987854
4.512632501125336
4.5026672899723055
4.475575768947602
4.425667989253998
4.396256017684936
4.399382466077805
4.390613251924515
4.4112582325935366
4.437666571140289
4.3075948536396025
4.333677059412002
4.318009001016617
4.277618396282196
4.358294355869293
4.310142940282821
4.291758239269257
4.4081600427627565
4.369530463218689
4.310884785652161
4.343524509668351
4.383806455135345
4.508468586206436
4.466034799814224
4.384558373689652
4.3898959934711455
4.340655779838562
4.330616682767868
4.3666028559207914
4.344784110784531
4.3585792779922485
4.359764724969864
4.454624062776565
4.3838802635669705
4.372397619485855
4.395029038190842
4.327116197347641
4.460132443904877
4.358936899900437
4.384699463844299
4.364035600423813
4.389989447593689
4.370859932899475
4.402496439218521
4.452472960948944
4.450502490997314
4.4612115800380705
4.447014564275742
4.460914814472199
4.409532010555267
4.366108471155167
4.377656996250153
4.46119487285614
4.4661670327186584
4.396057081222534
4.331302982568741
4.415555953979492
4.3971537292003635
4.3732664585113525
4.335245698690414
4.333145356178283
4.335747623443604
4.35773304104805
4.433279293775558
4.5600392580032345
4.3792636573314665
4.39924139380455
4.352760344743729
4.3177815020084385
4.343712508678436
4.313379144668579
4.3481784641742705
4.413987612724304
4.388738584518433
4.369136029481888
4.420263653993606
4.444463831186295
4.329988634586334
4.262240189313888
4.294757723808289
4.327349978685379
4.393046206235885
4.493231141567231
4.339169186353684
4.331993150711059
4.382407414913177
4.379984760284424
4.37001126408577
4.434975123405456
4.455702269077301
4.412181973457336
4.311137437820435
4.406158226728439
4.312425285577774
