4.601984077736772
3.4388031536982
2.2914661650263937
1.2189693606526182
0.6533883160307966
0.9775101421175647
1.4338240483783502
1.8138385438938953
1.9847363477652027
1.9939393528408562
1.8973172485480416
1.7017586194444836
1.4203650545735873
1.1759123187745184
0.9427856499448829
0.7450489507206686
0.7747916646854792
0.9689229740213612
1.1090273886446758
1.2135338817068295
1.3091665559057597
1.3948164818384332
1.4133348678727264
1.3795132098146237
1.302012464968337
1.1981724362953987
1.0878387436556558
1.0409948733869048
0.9400094044616165
0.8691603764829484
0.788280828805443
0.7766284361742655
0.7936600962711235
0.7745593167077113
0.7235795321615663
0.6962601601630076
0.729733891493087
0.7408601402540421
0.794403729784777
0.8732683686935673
0.9537902705812573
0.9898577039941735
1.0017579561029502
0.9710469271760865
0.9242187886560231
0.8321478309434488
0.7992173998031743
0.7665513478735271
0.7046366340424042
0.6759247213626922
0.6897106920062154
0.7071975269250018
0.7449071903692075
0.7125800057586975
0.7014225062675731
0.6835163529462075
0.7019569291931277
0.6913210793621247
0.6856046161669508
0.7121353199126026
0.7576502132306405
0.8515611559376307
0.9197478728358004
0.9411802091779462
0.9007444134645406
0.8278078740840161
0.7186211712962891
0.6355171275571349
0.5680464475576434
0.5436059046626787
0.4884316883950158
0.46738341031867925
0.4613327829165693
0.45117418664360764
0.4887431620917686
0.5403042250779692
0.6375109038569711
0.7534558194642071
0.8636634945372326
0.9356540808635915
0.9772548727983231
0.9884657931636034
0.9600116897365071
0.8939639449964671
0.807421055023525
0.7848779002485721
0.6868206524321991
0.6778767935130077
0.6322567002836916
0.6006631750778122
0.6125886877120983
0.7031413868156645
0.7845088470668172
0.8823104431919498
0.9765481511635816
0.9874163404716065
0.9504073424524223
0.9386620359608687
0.8411311498898283
0.8271404355764389
0.8422317873745585
0.9502693742538513
1.0222950121380072
1.0709036762039297
1.1421620833615247
1.0576573181167257
1.0402467549717158
1.0474328997236575
1.0584867429594083
1.0767431934740863
1.118287091358589
1.189982551599762
1.164920198261191
1.1238677666722188
1.0707513496366712
1.144327545782444
1.0918942295431195
1.0991515772878577
1.1080033710666057
1.19758502879274
1.244780304011352
1.3949092328548431
1.4161733456260468
1.401745072670834
1.4235488353817536
1.3902448908898908
1.2601006710101805
1.1705786094156476
1.2172539522739327
1.175314273408694
1.2090002669454913
1.1637863036341425
1.1638223277070903
1.1400111979549383
1.0418342254975121
1.0423344125391742
0.9888477001814567
0.9601704908893742
0.9321631981717039
0.919014116666832
0.9450807013145778
0.9616831614635108
1.0047950051395569
1.0512294071082575
1.1535072689308934
1.1211814178189603
1.245658289401903
1.3713156652510217
1.4633913739857025
1.4116326140502375
1.390502238790625
1.3341382648966729
1.3168039012442438
1.3533255686056027
1.2311723584229992
1.3072707444752525
1.1906902825116514
1.1885570865854609
1.2076397587897083
1.1837618367884735
1.1768542929576575
1.1058208152987343
1.0797030963780385
1.0569388663351187
1.1170150769984752
1.167738290082623
1.1328073056093149
1.1527710711215315
1.2180945515831478
1.290908309521528
1.361742316607737
1.3890168525906181
1.3943982301800324
1.3609315915044096
1.3534561428703598
1.2513681003409092
1.1596394923948268
1.0017876258186742
0.97062190744507
0.9222390332676352
0.9054887313286993
0.9352207737877729
0.9626521060648712
1.0114115304107762
1.0359449959154226
1.0977627149564808
1.172782325217682
1.300920499251026
1.28342304864061
1.341572716869445
1.3210895705262853
1.3015318675723246
1.2373846105926727
1.2202225792547183
1.1737119056862328
1.1978604378702244
1.2543920535311488
1.278096794087853
1.2901459756595477
1.4126657719806992
1.3301539757880099
1.4323889078250818
1.4044640448264423
1.4450444602240513
1.4842830685350277
1.4720770703493504
1.3845117812458927
1.2872962660099487
1.3530161812516228
1.2867175159203796
1.2419947943804759
1.2812643254717953
1.2872180647160034
1.309712905825129
1.2978545389789855
1.204100721323858
1.1862749718471404
1.265764071481043
1.269962325630037
1.272443536398707
1.3798340470021322
1.3356048944744097
1.4221567042029033
1.3605052940640676
1.305534776098237
1.211424396572956
1.1843755288706708
1.14226299327945
1.0904623915668923
1.07915902337847
1.1421666239031758
1.18117574453851
1.1752930534964705
1.202269422500903
1.1609832328667335
1.1476298777186145
1.1891537133458259
1.1991277219754044
1.213731658841492
1.237608201658855
1.1670657236492563
1.057803856309898
1.0769906031578356
1.0705138636912974
1.0461003410507979
1.070021153838561
1.0976078536383205
1.1408453934310971
1.2040698225295374
1.1251007897765364
1.1485260238838355
1.1344953276794885
1.1330694879115473
1.0233376492824626
1.0387810054573046
1.0787055580515579
1.053689183097168
1.0782196397230563
1.1042288402973164
1.0516585786209394
1.0212141878660566
1.0078586006259003
1.0058131518465365
1.0098559198352672
1.0601299375022224
0.9820594624169575
1.0144616974652858
0.9869788094323511
1.010911671492932
0.998646986469614
1.0253963802037784
1.0554496183109046
0.9981250599262812
0.9710244922288962
0.9940063793327134
0.975283840915081
0.9393651618049779
0.9390388571962502
0.9640777026418849
0.9743552449795482
0.9934836213567836
1.0065367295157421
1.0395463977857269
1.0804040633061212
1.1373783804731035
1.1406349359923744
1.135103235190565
1.1199460088262168
1.1232943050780826
1.081325426648019
1.1028804723748173
1.0928549283464517
1.1143829670670233
1.0797363819680281
1.1270938864144013
1.1987132830506468
1.2446523603794473
1.2936108596281175
1.296583758780517
1.34052739581334
1.3438600855036713
1.3559702319886109
1.384233373070479
1.4421539132400192
1.4196248426847005
1.4957967313803464
1.4068284752818323
1.2238347568394643
1.1889057479071756
1.2361350360763779
1.1723590086806903
1.2683593698150422
1.194127285475528
1.1660383540555972
1.1286013037885996
1.1520867877398262
1.1498512097256097
1.1859973552974687
1.1183231009156431
1.0862856882502379
1.0904283057882749
1.1477556874644668
1.138842761379863
1.1271427105102467
1.106100485002229
1.105301679038226
1.0392837695298938
0.9463421333770736
0.9605914235015627
0.9523776933190423
0.9721107081858887
0.9851383955106823
1.0398412569052384
0.9792776038191336
1.019105643618097
1.0451049498337521
1.0947990068875322
1.1505757055996457
1.179863819636535
1.1829354269266923
1.26506972104137
1.2588945803938556
1.2235976590078208
1.2356135513605526
1.1800821937179446
1.1266418062989367
1.0900351639038528
1.156770285128851
1.1980172296033689
1.1271026659200747
1.1669700314990672
1.2448519305749373
1.2836160039881848
1.3204874433111011
1.304715051439228
1.2176147206213397
1.1952762809815856
1.2421526976234223
1.25011573275792
1.2804457832615608
1.2205321670721927
1.2468786348741785
1.2435776998193389
1.297117301108342
1.3142839319711928
1.2700255185092262
1.2049843539189458
1.2014629244555823
1.1051161439718058
1.086619441364088
1.1045695270494782
1.1006702859641315
1.181202726800607
1.1888749753563876
1.2344785968247207
1.2147014509821257
1.2930620172502996
1.262563519248175
1.2570904559200262
1.27632644782472
1.3340946963869402
1.2672927630653572
1.2608279402152611
1.3321834949526417
1.3065982421454636
1.3657383498198992
1.3848990065739293
1.3788795482625158
1.362039979767859
1.4026198826351197
1.3391467179478558
1.3339638255903181
1.252855402017455
1.1788635674469465
1.1394801745323264
1.1460791208328458
1.1646014377909764
1.1308099416840365
1.111898853927478
1.1171949198586033
1.1669550680363545
1.1484102315336988
1.1306371511495341
1.1161048314763269
1.096958733554479
1.108322924877625
1.1275893574684634
1.153522302760891
1.1391371049365966
1.1512070810228114
1.163088368576601
1.1867078012034136
1.0911521536668605
1.0728349833934878
1.0857572573811138
1.0873454946642422
1.1339173455403386
1.1398921816845156
1.146738253801042
1.238049863327335
1.2709876149768526
1.33271830423958
1.3257356990964537
1.3251081891264689
1.374121105949316
1.3352097630053386
1.302037426787083
1.2926841984449375
1.310078668335858
1.3127943075031316
1.2234800856147239
1.2725879011351033
1.2083140456298673
1.208828163107203
1.1328517483287897
1.1229605689905802
1.1070015204385284
1.1301874348752394
1.1360844911462173
1.1423919773703322
1.1668685691693705
1.1909713021808113
1.2975841654500333
1.3135434323494588
1.313150807158762
1.3926581959857653
1.4085701421164194
1.4277896271883397
1.4850686933717894
1.4113010481758055
1.2901333366909855
1.2413448484814893
1.1960283970962076
1.1966680596777555
1.249608343347497
1.2503609513122902
1.1550853979696922
1.169361684176204
1.2167992492433983
1.2170283697961866
1.2920386226749898
1.339953048538426
1.3647123539169397
1.350887049427621
1.3550486002891038
1.3471816042197358
1.3651032371258518
1.3964844458395487
1.3483410363549286
1.2954464224202122
1.2279290420945432
1.260241177128791
1.207534337262495
1.2365245460171417
1.2053952157447694
1.1963563509241952
1.2476782076700814
1.178320309263751
1.1141617240833182
1.0822338570496557
1.1240689638532928
1.114474236169788
1.1370968012957896
1.1083706330393035
1.0762900708614538
1.061220712183017
1.161179587916099
1.2633010743060045
1.3652461439346253
1.3648709760694528
1.4154772400806306
1.4209340569921292
1.4237180130744198
1.490053670221413
1.4283070708186154
1.4787955967161037
1.3418869802959768
1.209350833030817
1.17980901585011
1.1632326417311318
