10.576239585876465
8.814178466796875
7.4544267654418945
5.947206020355225
6.289248943328857
5.900674819946289
6.265138149261475
6.605787754058838
6.912681579589844
6.438654899597168
6.76224946975708
6.53154182434082
6.5600786209106445
5.961461067199707
5.912249565124512
6.046444416046143
6.217058181762695
6.199187278747559
5.6311421394348145
5.557962894439697
6.101630687713623
5.71754264831543
5.887770175933838
5.730811595916748
5.903771877288818
6.300434112548828
5.753808498382568
5.251965045928955
6.072700023651123
5.246310710906982
5.509015083312988
5.4891252517700195
5.669897079467773
5.620018482208252
5.481008052825928
5.657720565795898
5.341867446899414
5.394595623016357
5.423110485076904
5.473414421081543
5.2581071853637695
5.197373390197754
5.262980937957764
5.634772300720215
5.211822986602783
5.197519302368164
5.201295852661133
5.177409648895264
4.8935546875
5.367858409881592
5.357932090759277
5.623940944671631
5.24271297454834
5.296640396118164
5.368454456329346
5.300965309143066
4.981364727020264
5.19659948348999
5.258617877960205
4.868177890777588
4.830041408538818
5.018416404724121
5.004189491271973
5.063700199127197
5.3437347412109375
4.734582901000977
5.137362480163574
4.712741374969482
4.976533889770508
4.939406394958496
5.273214340209961
5.1148505210876465
4.830204963684082
5.049802780151367
5.179723739624023
5.155620098114014
4.898515224456787
5.066551685333252
4.6556501388549805
5.211436748504639
5.047547817230225
5.095026016235352
4.56424617767334
4.185001373291016
5.035480976104736
4.362037658691406
4.9345221519470215
4.811583042144775
4.5806097984313965
4.545986175537109
4.414035320281982
4.647838115692139
4.708840370178223
4.7876152992248535
4.786916255950928
4.6303863525390625
4.606925010681152
4.504917144775391
4.367514133453369
4.413158893585205
4.659000396728516
4.347538948059082
4.4367218017578125
4.610724925994873
4.548327922821045
4.19333028793335
4.388005256652832
4.6035590171813965
4.489264011383057
3.90392804145813
4.581291675567627
4.101588249206543
3.954747200012207
4.359004974365234
4.134765625
4.483932018280029
4.467336177825928
4.046377182006836
4.080057144165039
4.218442440032959
4.636600017547607
4.013115406036377
4.032776832580566
3.8291218280792236
4.0036540031433105
4.288218975067139
3.836970090866089
3.9257688522338867
4.236699104309082
3.6728014945983887
4.20101261138916
3.937514543533325
4.134378433227539
3.6431524753570557
3.7409093379974365
3.8695123195648193
4.042534828186035
3.5881223678588867
3.6791412830352783
3.753336191177368
3.6640279293060303
3.592094898223877
3.6382997035980225
3.6383321285247803
4.018750190734863
3.631348133087158
3.7598676681518555
3.946010112762451
3.4726006984710693
4.200894355773926
4.307591915130615
3.9495933055877686
3.777221202850342
3.684354782104492
3.562653064727783
3.7370736598968506
3.549349546432495
3.364535093307495
3.781036615371704
3.709866523742676
3.888657331466675
3.4123928546905518
3.1047940254211426
3.507697582244873
3.4075770378112793
3.981105327606201
3.6315195560455322
3.5895273685455322
4.173317909240723
4.1526055335998535
3.3903584480285645
3.2935211658477783
3.452509880065918
3.340725898742676
3.8857202529907227
3.565849781036377
3.3675200939178467
3.7642734050750732
3.140558958053589
2.926762819290161
3.368187427520752
3.3073742389678955
3.564105749130249
2.9900050163269043
3.1221811771392822
3.8036019802093506
3.4787235260009766
3.7452075481414795
3.206552743911743
3.0524981021881104
3.141225576400757
3.155333995819092
3.165034294128418
3.2007625102996826
3.1727705001831055
3.228121280670166
3.160377025604248
3.1165196895599365
3.053708553314209
3.652916669845581
2.8522255420684814
2.8925137519836426
2.8329215049743652
3.3084359169006348
3.2288455963134766
3.0805280208587646
2.891613721847534
2.823965549468994
3.2481565475463867
3.1599621772766113
3.056539535522461
3.4927146434783936
3.0962438583374023
3.022148847579956
2.875250816345215
2.984126329421997
2.9823873043060303
2.877678871154785
2.9912564754486084
3.855351448059082
2.7808806896209717
2.6789047718048096
2.8804643154144287
2.9571762084960938
3.101760149002075
2.730614185333252
2.9074931144714355
2.6557810306549072
2.6123292446136475
2.509265899658203
2.9333252906799316
2.6837575435638428
2.9298157691955566
2.837477922439575
2.841012477874756
2.9220235347747803
2.9193978309631348
2.914041042327881
2.6977555751800537
2.977344274520874
2.9552571773529053
2.6926958560943604
2.4262008666992188
2.792320966720581
2.597719430923462
2.5352301597595215
2.5504424571990967
2.817214250564575
2.722966194152832
2.3945884704589844
2.551764488220215
2.7284646034240723
3.7137725353240967
2.6536612510681152
3.1743154525756836
2.5989279747009277
2.598060131072998
3.732057809829712
2.6869988441467285
2.567798614501953
2.600355386734009
2.6606593132019043
2.512028694152832
2.6256589889526367
2.5445969104766846
2.4061203002929688
2.6163687705993652
2.521944761276245
2.8163070678710938
2.500796318054199
2.9396448135375977
2.7544426918029785
2.317723035812378
2.5330262184143066
2.487762212753296
2.3694796562194824
2.309197187423706
2.3198201656341553
2.466475248336792
2.4514551162719727
2.2904305458068848
2.605318784713745
2.6554620265960693
2.6103878021240234
2.666407346725464
2.629408121109009
2.4671547412872314
3.4617443084716797
2.312072515487671
2.472794771194458
2.481292724609375
2.4051268100738525
2.5836105346679688
2.5567307472229004
2.48864483833313
3.5227344036102295
2.3523895740509033
2.624074935913086
2.4029741287231445
2.2827157974243164
2.459545850753784
2.9771485328674316
2.36742901802063
3.345034599304199
2.3649089336395264
3.3401899337768555
2.125203847885132
2.253331422805786
2.058443069458008
2.2285656929016113
2.2746834754943848
2.274505853652954
2.2442188262939453
2.2447433471679688
2.387907028198242
2.369007110595703
2.3777616024017334
3.3080084323883057
2.4168131351470947
2.244889736175537
2.825659990310669
2.302629232406616
2.181713819503784
2.207090139389038
2.083482265472412
2.3631036281585693
2.101372003555298
2.0974719524383545
2.624279737472534
2.2591681480407715
2.309445858001709
2.225642442703247
2.628190517425537
2.240114450454712
2.645137310028076
2.281528949737549
2.2946269512176514
2.2050883769989014
2.099400758743286
2.01665997505188
2.654813528060913
2.088240623474121
2.2176625728607178
2.1462626457214355
2.107938528060913
2.0999350547790527
2.173790454864502
2.296186685562134
2.7438292503356934
2.0513579845428467
2.1273910999298096
2.8244235515594482
2.312368154525757
2.187558650970459
2.0790963172912598
2.1025068759918213
1.97395920753479
2.3741660118103027
1.931296706199646
2.0937676429748535
2.074558973312378
1.969960331916809
3.2575159072875977
2.14982008934021
2.180678129196167
2.1085116863250732
2.0389857292175293
2.2064998149871826
2.014082193374634
2.1949641704559326
2.05380916595459
2.0947813987731934
2.0523085594177246
2.2029569149017334
2.791961431503296
2.151923179626465
2.5343596935272217
1.9513400793075562
2.038120746612549
2.275237560272217
2.8526835441589355
2.0105819702148438
2.009462594985962
1.9645438194274902
2.1160149574279785
2.2650747299194336
2.341503858566284
2.151076555252075
2.099782943725586
1.944762945175171
1.9483628273010254
2.0897653102874756
1.9456557035446167
1.9803946018218994
2.0518250465393066
1.8765720129013062
2.073662757873535
1.9216257333755493
1.9331028461456299
1.9536519050598145
2.118938684463501
1.8141213655471802
2.022585868835449
1.8204089403152466
1.8339890241622925
2.1189870834350586
1.998434066772461
1.9801397323608398
2.1295645236968994
3.3351595401763916
1.8941054344177246
2.1201865673065186
1.9612267017364502
1.904448390007019
1.9438600540161133
1.9249857664108276
2.178494930267334
1.873077630996704
2.073389768600464
2.080719232559204
1.899872064590454
1.8633629083633423
2.0497608184814453
2.171342611312866
2.064751625061035
1.9612770080566406
1.9065574407577515
1.7761703729629517
1.9815839529037476
1.8505314588546753
1.8189643621444702
2.054748773574829
1.8752542734146118
2.028986692428589
1.7672480344772339
1.951776146888733
1.8822641372680664
2.1673099994659424
1.8697564601898193
1.8755024671554565
1.8766626119613647
1.9304769039154053
2.3552513122558594
1.73830246925354
1.867827296257019
1.8436591625213623
1.8162291049957275
1.762442708015442
2.0242555141448975
1.7697333097457886
1.7572883367538452
1.9349738359451294
1.907273292541504
1.9011938571929932
1.6795868873596191
1.9462156295776367
1.8258366584777832
1.9233428239822388
1.8036829233169556
1.8657865524291992
1.8413670063018799
1.6799103021621704
2.614598035812378
1.8156551122665405
1.8937981128692627
1.785581350326538
2.152773857116699
1.7636528015136719
1.840349793434143
1.740928292274475
1.796149730682373
1.9741851091384888
1.8129843473434448
2.932757616043091
1.7337605953216553
1.7997545003890991
1.843055009841919
1.8406133651733398
1.804359793663025
1.7436155080795288
3.037778377532959
1.8953027725219727
1.8041719198226929
1.8039695024490356
1.7768909931182861
1.7843408584594727
1.920409917831421
1.825792670249939
2.4867446422576904
1.8619426488876343
1.7444913387298584
1.683211326599121
1.8015042543411255
1.7717888355255127
1.8166214227676392
1.6364742517471313
1.7215628623962402
1.8655881881713867
1.6463412046432495
1.7952982187271118
