3.351181745529175
2.5811776518821716
2.5818347930908203
2.5140787959098816
2.439852714538574
2.1099463403224945
2.227570414543152
2.0588150322437286
2.0863451063632965
1.8089899122714996
1.8035766780376434
1.847913384437561
1.883720487356186
1.6978437006473541
1.8773840963840485
1.6237109899520874
1.877939909696579
1.9204834699630737
1.6149868369102478
1.736172616481781
1.5475303828716278
1.557630330324173
1.7860301733016968
1.6169009804725647
1.389988273382187
1.561086893081665
1.6185811161994934
1.4451045989990234
1.7016480565071106
1.6994079649448395
1.7790411114692688
1.4371923506259918
1.8338203132152557
1.5716976821422577
1.3878003656864166
1.4478643834590912
1.7662692964076996
1.5337928533554077
1.5315961241722107
1.1971979439258575
1.588026225566864
1.3127675354480743
1.4062346518039703
1.459315001964569
1.50826495885849
1.6348787546157837
1.779682070016861
1.5727476477622986
1.605272501707077
1.3513296842575073
1.4374122023582458
1.3257917165756226
1.4739773273468018
1.3052143454551697
1.4870893061161041
1.4797676801681519
1.5261104702949524
1.3264602720737457
1.536556750535965
1.467136561870575
1.1409605890512466
1.5763690173625946
1.273282766342163
1.6351538002490997
1.2549075782299042
1.1098633408546448
1.4168550670146942
1.5679893791675568
1.4683266878128052
1.421246886253357
1.2521275579929352
1.26795893907547
1.2476215064525604
1.2382734715938568
1.5573575794696808
1.4878446459770203
1.381832629442215
1.3772855401039124
1.491696983575821
1.2552028894424438
1.3678267896175385
1.25321763753891
1.2019981741905212
1.5147720575332642
1.111828237771988
1.3900365233421326
1.3631128370761871
1.6168615520000458
1.1326504051685333
1.1002877801656723
1.3666813671588898
1.286887675523758
1.2393491864204407
1.2291998267173767
1.335541695356369
1.1382313668727875
1.4844214916229248
1.2528430819511414
1.0881959795951843
1.1610109210014343
1.442211925983429
0.869063600897789
1.1186756491661072
1.2319650053977966
1.1573245823383331
1.5592946112155914
1.3217284679412842
1.1518110632896423
1.1461515724658966
1.243392437696457
1.6821264624595642
1.4007306694984436
1.334559977054596
1.2108322978019714
1.5252936482429504
1.1142003536224365
1.1923982203006744
1.5010412335395813
1.1860316395759583
1.3754070699214935
1.0160488486289978
1.2536927461624146
1.3314700424671173
1.2597573399543762
1.3584585785865784
1.4726005494594574
1.1999280154705048
1.3927806913852692
1.181918740272522
1.045838937163353
0.8132199645042419
1.178130954504013
1.1679697036743164
1.2337904274463654
1.2329534590244293
1.2985369563102722
1.1783699691295624
1.3206600546836853
1.161210060119629
1.3945203721523285
1.461896300315857
1.1569225490093231
1.0651741027832031
1.0962467193603516
1.124651849269867
1.2514379918575287
1.215436190366745
0.9812991917133331
1.2004318833351135
1.0971204936504364
1.0597753375768661
0.9873252063989639
0.7504654228687286
1.0017088204622269
1.2070029973983765
0.9620475172996521
1.1441236734390259
1.2705620229244232
1.1772896349430084
1.4373577237129211
1.020131677389145
1.2083567678928375
1.2373270094394684
1.0444259941577911
1.0354696214199066
1.3380780518054962
0.7954680472612381
1.1828302145004272
1.1230619251728058
1.2770042419433594
1.2016143202781677
1.2665035128593445
1.222744107246399
1.210959792137146
1.2970116138458252
1.3720667362213135
1.440118283033371
1.1587799489498138
0.9132270067930222
1.156720608472824
0.9935432523488998
1.1528320610523224
1.4343077540397644
1.1629894077777863
1.5227909982204437
1.1399157643318176
1.0563403069972992
1.3067706525325775
1.3145269751548767
1.3776246011257172
1.2914531230926514
1.365791916847229
1.4025907218456268
0.9609616845846176
1.2965230345726013
1.3781197369098663
0.8038735538721085
1.228900134563446
1.1553430259227753
1.3810182213783264
1.200626403093338
1.1934007108211517
1.4004968404769897
1.4464498162269592
0.9989162981510162
1.5589797794818878
0.8828476667404175
1.3377083837985992
1.3007197976112366
1.0792673379182816
0.972624734044075
1.0196647346019745
0.8017984181642532
1.2527289688587189
0.9260184019804001
1.1771253943443298
1.4017099738121033
1.2180298566818237
0.9681001603603363
1.2340852916240692
0.9593899697065353
1.2662678956985474
1.2632939517498016
1.2308420538902283
1.1560676395893097
1.0466791093349457
1.039198637008667
1.1451045274734497
1.2768606841564178
1.0226141065359116
1.1148710250854492
0.9977342486381531
1.3698433935642242
1.267087608575821
1.0792410373687744
1.1101210713386536
1.2680631577968597
1.2744835317134857
1.3012888431549072
1.0342964828014374
1.0974638164043427
0.9965278655290604
1.2123962938785553
0.7765361070632935
1.0990934073925018
1.09127539396286
0.9386957436800003
1.2790975272655487
0.7996403872966766
0.832665890455246
0.9020916968584061
1.5952404141426086
1.0474238246679306
1.0487727522850037
1.1088412702083588
1.2650821506977081
0.9219851195812225
1.3846730589866638
1.180860698223114
1.0740088820457458
1.1986091136932373
1.1282435357570648
1.0129972398281097
1.1342237293720245
1.1039317846298218
1.373975545167923
1.1695807576179504
1.1362766325473785
1.2096457779407501
1.31828972697258
0.9894661903381348
1.067747324705124
0.9704946875572205
1.1417220383882523
1.2136037349700928
1.1834396123886108
1.2678232491016388
1.0923087894916534
0.9121739566326141
0.9495088011026382
1.1968806087970734
1.0452472120523453
1.1972405016422272
0.9849322587251663
1.1022176444530487
1.2434140741825104
1.2553195655345917
1.1533706188201904
1.2353728711605072
1.3490720093250275
0.9692785739898682
1.1703796982765198
1.1818499565124512
1.0779810845851898
1.3797283470630646
0.8295457661151886
1.2236624956130981
0.8883902579545975
1.2993094623088837
1.1183200180530548
1.1826615631580353
1.3354939222335815
1.3176778256893158
1.1062916815280914
1.0907942354679108
1.1109966933727264
1.3776201903820038
0.7573790401220322
1.0515848696231842
1.4110682606697083
0.8002627640962601
1.1859646439552307
1.1168936789035797
1.0697925090789795
1.0755894929170609
1.243306279182434
1.3399258255958557
1.0593659430742264
1.0983133912086487
1.0514107942581177
0.9713323712348938
1.3344461619853973
0.9598231911659241
1.1128752827644348
0.9275950193405151
1.061076894402504
1.260407567024231
1.4075554311275482
1.2239002883434296
1.1647372543811798
1.1042211800813675
1.0717405676841736
0.9644525498151779
1.1861848533153534
1.1624169051647186
0.9914470016956329
1.2237744629383087
1.1439696848392487
1.0291898995637894
1.0567456632852554
1.329110711812973
0.9308358430862427
1.2106879651546478
1.0610157549381256
0.951539158821106
0.9128393977880478
1.1461681723594666
1.1128061413764954
1.188067376613617
1.079818606376648
1.2905577719211578
0.9660049825906754
1.0848576575517654
1.2540864050388336
0.9854753166437149
0.9843703061342239
1.041378766298294
1.1116647124290466
1.24356409907341
0.957294762134552
0.9451342076063156
0.9433445483446121
1.2470624446868896
1.2639034688472748
0.9826095104217529
1.148106873035431
0.7553853690624237
1.3941948115825653
1.2019597589969635
1.2151590585708618
1.1092702746391296
1.0011267066001892
0.9830029606819153
0.9615813195705414
1.41884383559227
1.018745869398117
1.0925881266593933
0.9907142221927643
1.215319663286209
1.034383088350296
1.2322572469711304
1.12313412129879
1.1480390131473541
1.1737110614776611
1.1048572659492493
1.191140592098236
1.3194950222969055
1.0391390025615692
0.8841366469860077
1.2452107071876526
1.096100553870201
1.2771077156066895
1.0433862507343292
0.832771822810173
1.1845685839653015
1.198958933353424
1.2045832574367523
0.9910840690135956
1.12928906083107
1.0893568098545074
1.1945035755634308
0.9421675652265549
1.0384146571159363
1.0016997158527374
1.252842128276825
1.1171432733535767
0.9857481122016907
1.0484117269515991
0.6518529057502747
1.1396360397338867
1.002970889210701
1.18010014295578
0.9292220622301102
1.306589275598526
0.9859873801469803
1.022538036108017
1.101131647825241
1.2339676320552826
1.0223524868488312
0.875440239906311
1.0494362115859985
1.1424954533576965
1.2326871156692505
1.3493816554546356
1.0719467997550964
1.4498172998428345
1.2414735853672028
0.996872141957283
0.9879677146673203
0.9610231816768646
0.9679130911827087
1.071703314781189
1.0405305624008179
1.094117671251297
1.180598646402359
1.0354574471712112
1.0579765141010284
1.1045036911964417
1.036888524889946
1.2380371689796448
1.0572735518217087
0.859529659152031
0.9177547693252563
0.9112244546413422
1.282221108675003
0.8195444941520691
1.352610021829605
1.1079383790493011
0.931289792060852
0.9831073135137558
1.1319917440414429
0.9870054572820663
1.2683045268058777
1.044350117444992
1.0986103117465973
1.1964637339115143
1.1131489723920822
1.3958472311496735
1.1219741702079773
1.0537444055080414
1.1736565679311752
1.064917415380478
1.00340835750103
1.1763398945331573
0.8870528042316437
0.9584952294826508
0.8244259655475616
1.310974359512329
1.1298977434635162
0.9966740012168884
1.1883060932159424
1.156059741973877
1.001812756061554
0.8711264133453369
1.0986307114362717
0.9962273687124252
1.0801235288381577
1.036474496126175
1.0755134522914886
1.2382090091705322
0.9316919893026352
1.185101956129074
0.9910994321107864
1.085675671696663
1.064000740647316
1.152923434972763
1.2150992453098297
1.186225801706314
0.9890462905168533
1.2198530435562134
1.1672414541244507
1.20775505900383
1.0358154475688934
1.1727981567382812
1.1218901574611664
0.8055261373519897
1.3303849399089813
0.7875196188688278
1.118961438536644
1.09994238615036
