6.565600954691569
5.275005707210965
4.971845268673367
4.75973506503635
4.6999600685967335
4.651551167170207
4.581342221366034
4.530280473497179
4.4786592260996505
4.461467386881511
4.449023168351915
4.43758363087972
4.427663173675537
4.389003788630168
4.42344784312778
4.359825191497802
4.349640704260932
4.343368729485406
4.32676035033332
4.356922727160984
4.3580857012006975
4.327970424228244
4.322242409388224
4.327129729588827
4.320541441175672
4.2839363108740915
4.2922252051035565
4.302870717578464
4.286376338534885
4.297587749693129
4.271266726387871
4.283190774917602
4.247406083212958
4.260678865644667
4.269485247929891
4.273347509172227
4.283425539864434
4.274488072925144
4.244161177741157
4.242151047388712
4.217572414610121
4.2399370914035375
4.234674811893039
4.230974862840441
4.2366065205468075
4.207935557895237
4.211982423994276
4.233523979187011
4.222985599305894
4.2157352383931475
4.219952326880561
4.219675059848361
4.20664320203993
4.2070146454705135
4.193367449442546
4.174128086302016
4.224180705812242
4.190210594601101
4.206208986706204
4.207323100831774
4.175258215798272
4.204809407128228
4.20757182015313
4.191115357081095
4.1858944606781
4.171190473768446
4.178004811604818
4.179385881423951
4.208870632383558
4.2087423939175075
4.1575719462500675
4.1714357132381865
4.180973924001058
4.162423333062066
4.17384311358134
4.1501076995001895
4.144689688152737
4.176950807571411
4.172693781322903
4.163244348102146
4.135928982628716
4.159086271921794
4.162216527726915
4.147995729446411
4.167912910249498
4.168857052061293
4.167173224555121
4.162368010414971
4.15364218711853
4.144292262395223
4.138750423855252
4.172657258775499
4.1486448182000055
4.164805829789904
4.148014189402263
4.146573164198133
4.163613238864475
4.176761468251546
4.141878485149808
4.129315455754598
4.155422098371718
4.199355336295234
4.128619290457832
4.147161490122477
4.136583535936143
4.13982061598036
4.160863718456692
4.145180399152967
4.142147589789497
4.109652903874715
4.1323111904992
4.168210593329536
4.16938884417216
4.125980007383559
4.137207432852851
4.112265510559082
4.128058171802097
4.116029317643907
4.126181560092502
4.135497247907851
4.156062156889174
4.1737013064490425
4.108425314161512
4.116008782916599
4.143923159705268
4.124112637837728
4.1179633076985676
4.162424460517036
4.150304839875963
4.123802985085382
4.1169787587059865
4.137692268159654
4.131513251198663
4.099553520414564
4.139039800431993
4.137685814963446
4.127290058135986
4.108258877860175
4.120705472098456
4.150476990805732
4.112461667590671
4.121081726286146
4.1033954164716935
4.113057242499457
4.1259110143449576
4.11281625005934
4.102279360029432
4.1201936954922145
4.107510572009616
4.142850009070503
4.128298548592461
4.110255017810398
4.122056420644125
4.116918563842773
4.117841081619263
4.114449366463555
4.114706299040052
4.11586853981018
4.098842610253228
4.122389773262872
4.144740766949123
4.0855995549096
4.109936860402425
4.103747047848172
4.082414916356405
4.107270852194892
4.148791626824273
4.1101823329925535
4.0948862520853675
4.113201671176487
4.118025008307563
4.107445274988811
4.095483850902982
4.122343531714545
4.096625689400567
4.11695635371738
4.112206204732259
4.097473679648505
4.098247992197672
4.0683593983120385
4.119197755389743
4.1055358388688825
4.100972921583388
4.09382610850864
4.108953842586941
4.122983455657959
4.108181778589884
4.05907413482666
4.115131228764852
4.087961118486192
4.095973901748657
4.064266654120551
4.125895957946778
4.112379826439751
4.092799047893948
4.115317542817857
4.099898227055868
4.100597253375583
4.091518455081516
4.116433267593384
4.095037714640299
4.098598211076524
4.129389044443767
4.1138604810502795
4.088087706036037
4.08457629945543
4.097849885092841
4.082643684811062
4.116575397915311
4.077121552361382
4.060310376485189
4.093545370101928
4.085739607281155
4.0786923440297445
4.083658846749199
4.10486658944024
4.103038229412503
4.088682385550605
4.063128299713135
4.062663092083401
4.086972244050767
4.09495040681627
4.095550977918837
4.105633969836765
4.120426289240519
4.048755999671088
4.113227787017823
4.072095783021715
4.096531629562378
4.076387140485975
4.083327937655978
4.072259183459812
4.083922283384535
4.078042364120483
4.072862656911214
4.07116069899665
4.069914026260376
4.0864395734998915
4.044501327938503
4.061738712522718
4.068738724390665
4.090144688288371
4.049354060490926
4.058147978252835
4.063967785305447
4.0708328257666695
4.102446443769667
4.086650194591946
4.062012757195367
4.099480737050374
4.0620822768741185
4.051898981730143
4.065521322886149
4.075600406858656
4.06365933418274
4.078743864695231
4.079731846915351
4.0618767833709715
4.094909997516209
4.066781087451511
4.070550080405341
4.08549329439799
4.067746193144057
4.072635564804077
4.087013509538439
4.072773824267917
4.065892803404067
4.035256825553047
4.054264515770806
4.075360796186659
4.079877450731066
4.0573712656233045
4.036878199047512
4.083281273312039
4.082495738135444
4.056165396372477
4.0456079377068415
4.071635433832804
4.0613146548801
4.05571795463562
4.0766036743587915
4.109241987864176
4.045190325842963
4.043554112116496
4.0701419438256154
4.022984797159831
4.038010718027751
4.017673163943821
4.040322207344903
4.05607117652893
4.0803387037913
4.043442254596286
4.0576797580719
4.058470446268718
4.05635019408332
4.039570625093248
4.055899534225464
4.052055462731255
4.055087653266059
4.021985716289944
4.044003338283963
4.011054128011068
4.054612944920858
4.034978339936998
4.056423351499769
4.047631068759494
4.038220465977987
4.0305876678890655
4.0154403273264565
4.01363868077596
4.039125246471829
4.015961390601264
4.0206370152367485
4.041300225787692
4.020701313018799
4.003635266621908
4.030591155158149
4.044118813408746
4.025335113737318
4.043392276763916
4.028520765304566
4.0220424111684165
4.050005848142836
4.035110846625434
4.041270464791192
4.037866982354058
4.026794204711914
4.029317540062799
4.038605008655124
4.005227063496908
4.01986628320482
4.0055112626817495
4.024678914811876
4.000871998469035
4.0088895458645295
4.003827120463053
4.01399027188619
4.018846041361491
4.0236604849497475
4.013350143432617
4.036553396648831
3.9923762787712946
4.003416625128852
4.026273557874892
3.9873013475206163
3.9981255192226834
4.018017670313517
4.0259842480553525
4.029008382161458
4.022484706242879
4.013177032470703
4.027599504258897
3.9869864612155492
3.983145401212904
4.019017162322998
3.9986546421051026
3.9820740116967097
4.010246367984348
4.008931826485528
4.006072672737969
3.9852590062883166
3.9943900140126547
4.000494899749756
3.9998016579945883
3.9824895169999865
4.022895714441935
4.020609767701891
3.9694905863867866
4.019746516545614
3.991648627387153
4.013832824495104
3.997300901412964
4.010271091461181
3.991351220872667
3.9839833153618707
4.004157050450643
3.9894569248623317
4.012957408693102
3.9849668089548747
4.008586347368029
4.0322044891781275
3.991358088387383
3.966216661665175
3.9926124223073325
4.015608786476983
3.9841494019826253
3.9573374695248074
4.010133422215779
3.990121240615845
3.992463115056356
3.990549776289198
4.016299804051717
3.973720655441284
3.999434793260362
3.970172700881958
3.9936377260420057
3.985643326441447
3.9827952819400365
3.984018193350898
3.993974570168389
3.992784163157145
3.9880200841691757
3.9685385195414224
3.9917640188005237
3.9802822271982827
3.9974538442823624
3.9844337961408827
3.9879701858096652
3.9887989468044704
3.951821223364936
3.971512172487047
3.9699355676439074
3.978230021794637
3.972479921976725
3.992476610607571
3.99448705567254
3.9762057314978705
3.993766376707289
3.9817532719506157
3.97528762711419
3.967661237716675
3.957636709213257
3.973204166624281
3.98012646039327
3.9997021420796712
3.976091792848375
3.976334859000312
3.9814659108055963
3.9588147820366753
3.9624166223737927
3.97667752371894
3.9641755644480385
3.9968223402235243
3.9625943342844647
3.975539302825928
3.9861777697669134
3.9619097412957087
3.9856254927317303
3.9797513824039035
3.972450838088989
3.962396141688029
3.95432731628418
3.983963752322727
3.9450459565056697
3.9657294771406386
3.962128093507555
3.9449608283572726
3.972206989924113
3.9833434878455267
3.9656758891211616
3.983176230324639
3.9631776640150282
3.967678009668986
3.9753326416015624
3.967161461512248
3.9479970762464736
3.960630398856269
3.96772670533922
3.9678696494632297
3.967945868174235
3.9611093680063885
3.9782928053538003
3.961999878353543
3.989156928592258
3.9648465802934436
3.9551275952657066
3.958444543414646
3.9717709647284614
3.9573357507917617
3.946345725589328
3.9602323542700875
3.9691398175557455
3.9323085180918373
3.9770198196834987
3.9500608592563204
3.953601828681098
3.9558243497212726
3.9706282456715902
3.9722501065995957
3.972533755832248
3.96391480339898
3.94413107448154
3.9664966795179577
3.957898128297594
3.9640435208214653
3.947487159305149
3.963833900027805
3.956884953180949
3.9489943080478245
3.9627217059665254
3.9448482354482013
3.9590454228719074
3.9548320399390327
3.9743019909328883
3.9642604192097983
3.951294723086887
3.9630477046966552
3.979451353285048
3.9465252039167615
3.957266856299506
