6.35835489711246
6.397400926899266
6.389038176149936
6.339532749072926
6.315212391518258
6.395340790619722
6.427697639207582
6.327112056113578
6.378631314715824
6.431880332328178
6.368642007982409
6.359400001732078
6.307000791704333
6.419136504869203
6.33057527928739
6.38964344359733
6.336214419957754
6.42224356934831
6.35385530059402
6.406360233152235
6.283240015442307
6.412132102089959
6.354885777911624
6.452220072617402
6.3495991036698625
6.301443460825327
6.36314370825484
6.38567785958986
6.34124561902639
6.369423073691291
6.543005324698783
6.436017075100461
6.377426617854351
6.424513346440083
6.424897013483821
6.3957600722441805
6.42370039063531
6.42013752782667
6.326188048800907
6.40755802231866
6.385055619317132
6.381230173884211
6.36571936349611
6.469849283630784
6.392913934346792
6.40256760571454
6.371549026386158
6.452535854803549
6.494784464707246
6.388717342067409
6.376951314307548
6.407757958850345
6.485007202303088
6.4248740608627735
6.530831452962515
6.3788696688574715
6.371849865526767
6.388279901968466
6.389280995807132
6.394985289187045
6.48497283780897
6.4116087861963225
6.452547324670328
6.374846619528693
6.398936213673772
6.425510593362756
6.42712114952706
6.417039278391245
6.346067505913812
6.4051497240324275
6.3579365369435905
6.385515515868728
6.390212097683468
6.308728263184831
6.361702281075555
6.46236312711561
6.382727416785988
6.378607640395293
6.4683921272690235
6.341978485519822
6.412201952289891
6.442485010301745
6.372750958880863
6.358267681018726
6.477117358027278
6.550644552385485
6.468487816887933
6.423044404468021
6.470631206357801
6.3844108066043335
6.403749375729947
6.405523918770455
6.364910093513695
6.416766740180351
6.409622385695174
6.442747580038534
6.430031364028518
6.394251249931954
6.310797755782668
6.348739108523807
