5.900763256362048
5.082521384401788
4.896961070307468
4.783833221447908
4.721044723527619
4.64779883845972
4.61807112807291
4.574086007009356
4.543741141484005
4.512327383724547
4.480017079907662
4.455674183392453
4.426818946779428
4.397253069242951
4.383774669107388
4.356025822438366
4.339999031123231
4.307156804343639
4.284089208362348
4.254863002067311
4.223380236183539
4.1990099997962576
4.184387542790216
4.1695841182680695
4.150436806506436
4.115212646878491
4.09752748842729
4.087273384762904
4.063911500356252
4.070976645883511
4.040821735696089
4.018018479480344
4.017485054070548
4.015383012837926
3.991092196341645
3.9780753951070316
3.9701167658223944
3.964672598322985
3.9578061889140224
3.948903975701879
3.955254095976992
3.932011242283662
3.9322757304962708
3.932054993281455
3.9209812357204625
3.9190733748918043
3.9141946183601144
3.9035247445165933
3.901980559199543
3.8955718879388312
3.8948403821509716
3.8858071478271294
3.882389497661876
3.8852975909576815
3.888767712642759
3.880493472336772
3.8735279519619756
3.8671839815728806
3.8622731279994054
3.859872009170614
3.8595612109420543
3.8560766573263665
3.850953104964282
3.84501220118013
3.8375670110596976
3.837224815623948
3.8333888338546336
3.8357493680412484
3.8290278888711424
3.825922450865967
3.8235270598177182
3.8221180482376607
3.8202348687237544
3.815534682686284
3.814293451198671
3.813510376428916
3.8051250075414433
3.806946290484216
3.8112841096975036
3.807768323990783
3.8066723565993494
3.799292290287978
3.79687528435516
3.7934874423063647
3.7972041141178647
3.7931056709018565
3.792894140079038
3.790492127180575
3.790204590065767
3.790237210861826
3.780632850447538
3.7884556434506313
3.7787358061385414
3.7789288070479987
3.7780803004920425
3.779280711295954
3.7783173530075627
3.774616319095625
3.776709837072036
3.7726185548222313
