0.6862909778325496
0.7381567657591107
0.4133273034630892
0.46983389798290504
0.4456060363916691
0.42256701374818423
0.462695857565962
0.5114265198936921
0.5146685415852763
0.561385718041766
0.5495288147477205
0.327683840760726
0.4903438616252853
0.3647563597243391
0.31377749601920285
0.4923533059671551
0.4849727215891133
0.6214136261500434
0.44512533801113197
0.4498497654416996
0.45221323622969206
0.5068456838150063
0.4401125112373031
0.5466843375223194
0.4587819760810875
0.3860196229928959
0.9925689672181506
0.8919678924078932
0.8541665678033847
1.0261183963987774
1.4240564633466914
1.6394952370790776
2.674884908423873
2.4334531590073762
4.122810823883944
3.668914862290652
3.560281180188747
4.025058316802214
3.758448553467561
4.41566263315434
3.342955272995637
4.270501626517348
4.134562174638431
3.371565996047729
3.8445106479591264
3.9341101417082824
3.408260406855352
4.314333545898865
3.8299535467533885
4.394007145761249
3.957147679491368
3.5921668010149785
4.276299385604018
3.9664970786872513
4.451205719926792
4.4546061983567204
3.777777134058232
3.085546715703899
4.474172935696068
5.006809000500696
4.616828056041129
4.530773818851234
4.095842902789374
3.2954491914393667
3.406405329465388
3.9506785680870253
3.9922390889548107
5.166165327500246
4.000612707558519
4.3321010629256405
4.14710909856823
4.230480178324636
5.304072554938062
4.550277392228763
3.7559432577274605
4.068786430932238
4.0150288775832
4.595908535745196
4.534200667379375
4.7653543270661505
5.052870072439343
2.985538542629005
4.5380741274189615
4.156047425910323
4.919727159167579
5.729951611979452
4.06086027550554
5.25167297695825
5.203208853582103
5.084756746559679
6.037036570852887
5.8530462060519355
5.0471333726374565
5.81102544081235
6.086281806051373
7.41093179649246
7.166271571883697
6.026453249440165
8.154779833638836
7.401582933857828
