3.639663127440851
3.401350758029419
3.3735907326624233
3.3648313526968354
3.362094747788698
3.3589057060121332
3.3582670063648408
3.3525661802986293
3.345724723292786
3.349884782601329
3.340951901037716
3.3390137553215027
3.3397081610068535
3.3435672886163283
3.3359601109930614
3.330691956779332
3.3319854279166288
3.331826319393602
3.3263765122126605
3.321938008938021
3.3224505758979945
3.3196734774459915
3.3170018659054654
3.3103060351992117
3.309073802336906
3.2994792293576363
3.297390710960314
3.2856648957845076
3.2716135475242023
3.2378403718031725
3.1778793207650047
3.1174457188948845
3.072850299113005
3.020722664675666
2.955251568150752
2.9140471873931513
2.8750267416528126
2.806284262138663
2.770742311639693
2.73901303126974
2.685489223998727
2.660127662917943
2.6383836790195945
2.5937861834914937
2.5591114643708015
2.558722866681016
2.5013315081596375
2.478910121524218
2.47060812329783
2.4271195018754423
2.3908530647314867
2.3780659625252474
2.365210321053718
2.3253142200048686
2.2877393943592184
2.2978465794359595
2.2396238674816575
2.2441744784128317
2.24311510741132
2.1978058132153113
2.2237694280818827
2.18043564853159
2.1604665173488913
2.162555803662365
2.129046606786043
2.1474602986307976
2.163997504028302
2.122360814254261
2.1044070871130933
2.1039386348238267
2.10843639755712
2.092564439889297
2.0798909831972954
2.067758154232525
2.070768200656743
2.0486091363777237
2.0367031360714183
2.037215516983884
2.0074363443457965
2.0546316443716437
1.9965676928608163
1.9971779937883025
2.020603425005107
2.0054417735743293
2.0021591394850353
1.9891923538689475
1.9847148277805846
1.9642251168639915
1.9467181936629767
1.9540627266018136
1.9543897677393793
1.9166371570628824
1.9205012254923293
1.883925302804095
1.8892733003329305
1.8776207140927177
1.8704212788239265
1.8592234583734308
1.828056243727508
1.818384083440003
