5.557390824104976
4.330232646858808
4.1048172648670604
4.032068161131109
3.9896305718468232
3.964562457742043
3.9384830160048403
3.90789642553885
3.9084576709756575
3.8953515939342167
3.868561629531453
3.8435586528870664
3.862224699224083
3.865316378260122
3.8622935124971334
3.8499203133351596
3.8709166744380323
3.841523884569557
3.848907696390615
3.8670328757137926
3.868647810324882
3.8598854125124737
3.8804978033871325
3.870453750045554
3.9045971678298654
3.8728618147303755
3.898785342869249
3.92447182912271
3.917641420966213
3.9357700486785
3.9875077518444617
4.026834322410879
4.0404001775297145
4.038370433362942
4.039645866282935
4.024223303331913
4.0051031292063515
3.972915413310227
3.962612356954408
3.9510612001696837
3.915693413285376
3.9114252780247662
3.899020534695931
3.8708210818975877
3.8425440869285064
3.8404559788194677
3.7949754127020974
3.783247736472528
3.773141623122021
3.7385159343191723
3.723284377635104
3.692027552613934
3.6865682497765255
3.643287344464978
3.61234076219855
3.6231998835952535
3.557685349751445
3.5643869088691416
3.5728919332467237
3.5300091134691702
3.557321733641393
3.5071183547232914
3.477359670458488
3.4825311928119476
3.4732322640789364
3.462462613883528
3.4792732521168235
3.442310523060919
3.433317495202555
3.443958571234953
3.4438681886034104
3.4042355053633164
3.3894070033888215
3.393476002424666
3.3995670496838764
3.3777256584861903
3.3604845549296405
3.3645678845424096
3.33872938850551
3.389482947229182
3.3280638890359007
3.3268056378781217
3.361150393208254
3.3491273342984393
3.332042256026592
3.3311621650908756
3.3298329531567767
3.3014943287210556
3.290031845129809
3.2875931112511645
3.2980145325938475
3.2466378906398146
3.2593947047168768
3.2326327336644662
3.2287089911479394
3.2289274786282514
3.2148428813925065
3.2160560043112745
3.173862852517841
3.176051094694045
