2.191575075619507
2.0701929651377413
1.9816361882961828
1.9166176401627233
1.8699646668001686
1.8127827607353844
1.7715133696187433
1.7283612704074112
1.6854773281784146
1.6529830900877012
1.6296565997265269
1.6038928591234987
1.5838560612956014
1.5436440353586203
1.5442527119509022
1.5240192324897002
1.4993648335659453
1.470946332783813
1.4532537442325129
1.4423351571885403
1.413744642035667
1.4110109106821598
1.3874834789646684
1.3822733662785136
1.370341499482706
1.346897504303491
1.3413743181858984
1.3536204058694756
1.3190459222390178
1.3107720187049454
1.2882166952513778
1.2868596402999581
1.2755450576415264
1.246445916504833
1.252549540771076
1.2507689147232244
1.2509085215710396
1.2330526442882321
1.2351147549937633
1.2258855579216905
1.2130607533993374
1.1985090365920528
1.1986230813239072
1.1883887654128478
1.1794367608022223
1.177725232071675
1.1617471273041002
1.1711599634471161
1.152792862769094
1.1424791648630506
1.1319856977850518
1.1448030708861394
1.1225100848690528
1.1183751830348783
1.1160927451244675
1.1100053147241797
1.109882066036561
1.1055899962341478
1.078806480509668
1.0800494749411726
1.0957193092892679
1.0872203512790592
1.0774545955960624
1.066986329169984
1.068209658237686
1.0618780044603868
1.0603786492386518
1.0635009934800996
1.0397264241067161
1.0407455588619958
1.046868112705879
1.0313967538306419
1.0276508617297262
1.0403172190188785
1.029298017904544
1.0255112861247662
1.0096933694589936
1.0170632063342675
1.0176637760852865
1.0102683145163687
1.008052159762182
1.0186894593905502
1.0056695985181903
1.004501962934451
0.9946320704705054
1.0054904248818233
0.9989942697454289
0.9854740283004833
0.9963538211163063
0.9912823821215456
0.9822437819070291
0.9775769494089565
0.9595774550764719
0.9730009286552141
0.9734409084259924
0.9594263777046487
0.9603800878726391
0.9671641999789108
0.9578842311337707
0.9543176181936321
