2.722167326179153
2.6041000723986483
2.526984978530418
2.4903088626797474
2.4423238789405355
2.40478195534237
2.3767317393670933
2.34672601797586
2.3218255975829845
2.2871564708571377
2.2660173396575827
2.225023556552886
2.2100441953346124
2.1800733534922987
2.1643310752292675
2.136578197352216
2.12710826606995
2.10266215864767
2.072507969362661
2.065856211854586
2.0400208575728
2.0173599548631356
2.006112769658679
1.982336240380082
1.9825362334299157
1.9629207623434806
1.9415670178849862
1.9270660808089586
1.9107392510262895
1.8950292632563812
1.8736565866763875
1.863899574901941
1.868841632241186
1.8364251480341607
1.8315607054120644
1.8179782377493834
1.8074423359311835
1.8025018033783677
1.793890703186643
1.773529091417784
1.761333714800688
1.768797088179066
1.7571960824777526
1.7377320882237335
1.736980051094101
1.7174466898145493
1.7182813052814323
1.708908434449243
1.6887696474814284
1.6947971068684744
1.692012581299516
1.685150489074225
1.6753647563346936
1.665984278763881
1.657175075831803
1.6502565416913522
1.6596819681817636
1.6498901287079561
1.6233468427514732
1.624614877209486
1.6277311888793706
1.6269217868314685
1.6186233243860368
1.6022851057707557
1.6017696783795716
1.602081911251243
1.5922165383044973
1.5959263636051357
1.5938966218161934
1.6095036761923447
1.5965096587721037
1.5815960790811174
1.5671024318548596
1.57897654932633
1.5848902230421629
1.5718521131941101
1.5555612225899995
1.5633135016425417
1.571072619821378
1.569766357416889
1.548778045176417
1.550311078938643
1.524513327899619
1.556091811208737
1.5593006780967624
1.5422158296395285
1.5470060989224992
1.5412216367445906
1.5242400821678797
1.5334798291345881
1.534035909186415
1.5255129001997225
1.5183169722327248
1.5102540829143893
1.5066591118717751
1.5188064402827803
1.5042814813938201
1.5013003058413017
1.5033448113732573
1.504881910161673
