10.060721397399902
7.991935908794403
6.764894314787605
6.588747279210524
5.975250528617338
5.951365210793235
5.920561354268681
5.762526593425057
5.060642264106057
4.6815761192278424
4.583625903183764
4.485766841606661
4.076653674244881
4.118226112289862
3.9029425287788566
3.815686606548049
3.5727476504716007
3.4562191014940087
3.3317434327168898
3.299231538718397
2.98050012642687
2.9540310366587206
2.8939823779192837
2.847250056537715
2.6712348881092938
2.593514607711272
2.53378305922855
2.445836376060139
2.4986803206530483
2.5297234722159128
2.4661339683966204
2.3213075033643027
2.430429508740252
2.5925475616346705
2.7917132662101225
3.4391061081127687
3.3018101887269453
3.243379743261771
3.02568363330581
2.7769223099405114
2.3996505412188442
2.2296841191974552
2.135215946219184
1.9859206839041277
1.8958308520642193
1.935789705677466
1.958527686921033
2.0248319411819633
2.1208931410854515
2.0878480117429388
2.1946926076303828
2.188662965189327
2.2425024956464767
2.3003382940183985
2.254659067500721
2.2571618367325175
2.3038464364680378
2.3207673145966097
2.194688906046477
2.1130027371374043
1.9338202584873547
1.8341223482381215
1.8554936417124488
1.7456689971414479
1.7406838617541573
1.747450201348825
1.7374993975866924
1.6923070394180038
1.709970006888563
1.7376902523365887
1.7387444898486137
1.690992229364135
1.7314557317983021
1.6851048279892316
1.6736276285214857
1.6335543394088745
1.767592161216519
1.7091089006174693
1.7178693975914607
1.686706710945476
1.6077572737227788
1.6677558537233959
1.5600843659856103
1.5445577949285507
1.5281652049584822
1.5726478560404344
1.5624536926096135
1.5399185690012844
1.594270341775634
1.652656834233891
1.5879326489838688
1.6232045645063573
1.5012828558683395
1.4599397846243598
1.5098097717220134
1.5136205228892239
1.5172580229965122
1.5131535645235668
1.4564830301837488
1.4974235465580767
