2.6379669157258965
2.5095708833264476
2.4549570938667253
2.4199745100194288
2.3917793857219216
2.3723862194492122
2.3546230590046067
2.3453418914919153
2.3311690846256807
2.3194166777220584
2.311508377921905
2.301402827954648
2.29462485129599
2.287066844287495
2.281787958822897
2.273436387922609
2.2690053007357225
2.263662642532464
2.260564547980815
2.254991801383984
2.249885009146482
2.246097414380128
2.242068150325559
2.238863982329378
2.2372173833001106
2.2314188255642957
2.228852174949485
2.227058081245144
2.2236586712274744
2.219561513487172
2.218739700864857
2.2160442924528874
2.2137659719201137
2.2120302166014816
2.2082459939277217
2.2068555577788307
2.2055500872253204
2.2020489680529165
2.1996465964332206
2.200431524902056
2.19683187637456
2.196595553775199
2.192643654147082
2.193355866792869
2.1893824269563757
2.189227849178449
2.1868846303222025
2.1870404665431034
2.1857556382709875
2.18352285854242
2.1829965558332156
2.181388543648063
2.1795166948333793
2.1773331387348667
2.17801014734256
2.175754102403123
2.175178776546074
2.172342190616767
2.1730153255244917
2.173274547574427
2.1710255632498496
2.1704630701997347
2.168660581146284
2.1671688926388666
2.1668511628213674
2.1648837097707574
2.1651192533211088
2.16404354175286
2.163380579204734
2.161117365192051
2.160593849962977
2.160464236135458
2.160424212090703
2.159649391453202
2.1571932461394567
2.158798066450423
2.1572162682255454
2.1552931323682345
2.1548398016686967
2.1551143440008884
2.154206139449721
2.152905500241593
2.1522993857423685
2.150307242859567
2.150224514506117
2.149767514552892
2.150201224208512
2.1466600897929333
2.147843126316241
2.147265466797074
2.1464026136163175
2.1452769277854205
2.1462350983961964
2.1457784492714933
2.146009874752347
2.145037598100113
2.1420210085369478
2.145302764569633
2.14229291632229
2.1430643421469533
