2.6465483143423243
2.530155410680147
2.4911773500743943
2.4618101846826703
2.4403071092508055
2.421141627392164
2.4091754395491307
2.397474429846467
2.3881036735872536
2.3822061772491248
2.3712380285705987
2.362757412219486
2.3565546456647675
2.3498354954274876
2.345020766541614
2.34174842144037
2.336990570836713
2.3308611734485636
2.326162150584932
2.321461138646791
2.317327465395262
2.3153867683256273
2.306782757952187
2.3064550173940814
2.303250317454275
2.298927188565645
2.298657272702242
2.2934353581398925
2.2908211082739833
2.2890145666350565
2.2849863658371703
2.2831595583581183
2.2814732983743253
2.2786973696851383
2.2780355468419677
2.273750153269783
2.2699099620793772
2.268635772602718
2.26686160969898
2.2652024428651454
2.2630970669229926
2.26313896537259
2.2638814873745616
2.259056787153881
2.2553648133579975
2.2552895270456355
2.2530344555746704
2.2516187876560534
2.250682068657797
2.249167970463867
2.247362494926283
2.2461022634540475
2.2426933526997055
2.2442107182243376
2.2421885333186227
2.2424575199865298
2.2385175733099754
2.2396739863951334
2.2366841941475286
2.235221416451393
2.2345823170086305
2.2311388575700875
2.2338676432506004
2.230621107026138
2.2299717444726266
2.2293372366702937
2.2279167182150834
2.227668860940104
2.226597250294474
2.223809454491933
2.225443525010716
2.2236954483953957
2.2233629663839114
2.222627430348097
2.221822464910831
2.2222015884117163
2.2192022385457584
2.2171605111895336
2.2169260419085095
2.216880124455381
2.217205871679851
2.2158578376890925
2.2133092826187446
2.2135384353908543
2.2134127675310653
2.213344685757826
2.2108251800111347
2.2095400852237823
2.208974470726005
2.2094896374222937
2.2072803851095513
2.209247865906647
2.2067657921742554
2.203355151752838
2.2044988611241463
2.2047835253611145
2.2049473974810527
2.2021919295960193
2.202400674730559
2.2016564741593
