2.661064697514611
2.548952197656645
2.50034540664298
2.4670930225123375
2.4452556708717506
2.424457510795056
2.4138740179323097
2.3993634701580357
2.390909092570355
2.3809218679199686
2.3736024297774265
2.3655331028084543
2.3595414374549355
2.3553552995986373
2.349258887927727
2.3460208943110383
2.339413252020435
2.334649111171637
2.330621580006056
2.3286453492901904
2.325849554033388
2.318698701920819
2.3157047393962196
2.3138309653558156
2.312547536847309
2.3073229912715747
2.3059686153083088
2.3015905109201085
2.302002140576077
2.2974803190355977
2.2970189318723246
2.2944335485196534
2.290065434984513
2.2899566332906565
2.2880753407905154
2.2864447929446508
2.284338711007265
2.2825999116445397
2.2806142286960553
2.2794224818941067
2.279794973795782
2.2775185462013865
2.2761229566347563
2.2739315060611522
2.2721243892864673
2.2713502803045995
2.268234632282987
2.2674131414537597
2.268939981321028
2.266521535006372
2.2652680411374835
2.2632751787853
2.263006340671025
2.2618743130833923
2.2591369358764934
2.259650218214792
2.257675761442814
2.257518709782612
2.256028554774908
2.2567770073595477
2.253618790917096
2.2519036923828155
2.2538143930602814
2.2521572428393872
2.248936309967732
2.247078035277194
2.2466504992111056
2.2460885964738866
2.246599864382181
2.2459194509928446
2.244676554589212
2.245254453636088
2.2423217106113613
2.2421267093051163
2.242922201902961
2.2408738407182924
2.240256326461509
2.2391005416896688
2.23808552607166
2.238005915202754
2.235941142071428
2.237582765092886
2.2358443195326907
2.2354936402566894
2.2337698061952063
2.2330893431727694
2.234121703267131
2.231561571125001
2.231896674401243
2.2303551957433094
2.2316625492156037
2.229750335284433
2.227337660392472
2.2282966421291284
2.2274849713827973
2.2272437596267554
2.225587118341031
2.2252278952427638
2.2258052974758944
2.224944452516089
