5.396609777212143
4.204584419727325
4.076555627584457
4.033645105361939
3.9478268206119536
3.95929536819458
3.7940733253955843
3.7395631432533265
3.8572296798229218
3.790942299365997
3.755176931619644
3.7157509088516236
3.7008863568305967
3.7050125181674955
3.6613731503486635
3.5829688787460325
3.662540692090988
3.683342546224594
3.6167634427547455
3.6216606378555296
3.6115198194980622
3.5467436462640762
3.5150853484869002
3.6065140694379805
3.516545796394348
3.589300036430359
3.5832069754600524
3.500837951898575
3.4575262159109115
3.5037029504776003
3.555786356329918
3.542054060101509
3.488907182216644
3.4869584441184998
3.5344543755054474
3.5069136321544647
3.523507151007652
3.5173748195171357
3.459644004702568
3.46994948387146
3.5606380105018616
3.464473229646683
3.479367360472679
3.44718599319458
3.486305922269821
3.4506959110498427
3.4870942384004593
3.426474091410637
3.4232930123806
3.446513569355011
3.423768398165703
3.490553095936775
3.4705750554800034
3.457731708884239
3.4319303214550017
3.36193425655365
3.4704314053058622
3.409564900398254
3.4058490961790087
3.3735894739627836
3.396435594558716
3.408401122689247
3.372239890694618
3.4429591298103333
3.3705717802047728
3.426739773154259
3.422344908118248
3.3838548630476
3.4307881981134414
3.4211289554834368
3.374555265903473
3.370887631177902
3.376652419567108
3.36186563372612
3.3784192979335783
3.4334937661886213
3.3691261172294618
3.3785967409610747
3.306778997182846
3.3836259484291076
3.333624267578125
3.306510901451111
3.441943261027336
3.297776013612747
3.3515953004360197
3.4184265077114104
3.3454121530056
3.3366013944149016
3.336971527338028
3.364150086045265
3.36030013859272
3.3948207706213
3.363865965604782
3.3454505026340486
3.322253468632698
3.3484304666519167
3.305858263373375
3.362619552016258
3.366725540161133
3.3425944656133653
3.357578581571579
3.3796740263700484
3.3401592493057253
3.354540577530861
3.318836969137192
3.298097178339958
3.3509900122880936
3.260801362991333
3.370047703385353
3.38120142519474
3.343428984284401
3.3537673711776734
3.319402876496315
3.2978459686040877
3.3157683312892914
3.34936902821064
3.3128677874803545
3.304535248875618
3.276579374074936
3.323515382409096
3.3074959993362425
3.329204985499382
3.291505146026611
3.3238131195306777
3.275733971595764
3.301577553153038
3.28399296104908
3.2647362470626833
3.286098602414131
3.302364540100098
3.2573493480682374
3.2756539940834046
3.3527346551418304
3.312430587410927
3.320552060008049
3.27677001953125
3.3282855689525603
3.284764274954796
3.2738786429166793
3.310720291733742
3.364442816376686
3.2544962763786316
3.3276951134204866
3.3480469822883605
3.2655759155750275
3.2851063400506972
3.2750573635101317
3.2938492447137833
3.3245342284440995
3.2842708081007004
3.257716405391693
3.2517160356044768
3.318207487463951
3.3181347787380218
3.2808605164289473
3.293063738942146
3.2859412670135497
3.320964851975441
3.255013054609299
3.306316414475441
3.2855746507644654
3.2853788286447525
3.277516669034958
3.27407928109169
3.2606478482484818
3.2857813596725465
3.302397608757019
3.2639757335186004
3.2909051716327666
3.303512895107269
3.2499879390001296
3.2837972044944763
3.2471744507551192
3.265761399269104
3.3011502414941787
3.2337927520275116
3.2571257680654524
3.2775044828653335
3.270732527971268
3.240545132756233
3.29401895403862
3.261919215321541
3.293787208199501
3.2323477238416674
3.2572748363018036
3.286708763241768
3.3072920471429823
3.2725117683410643
3.290206104516983
3.2808085143566132
3.2408857345581055
3.2400928378105163
3.2380521953105927
3.2722212255001066
3.262825018167496
3.2784591913223267
3.231493744254112
3.248907947540283
3.2671124398708344
3.2189634323120115
3.3839389085769653
3.2672195047140122
3.3258794367313387
3.2812746495008467
3.254921653866768
3.252707362174988
3.328747570514679
3.252616810798645
3.246122491359711
3.2374915927648544
3.271210104227066
3.2315828621387483
3.307244139909744
3.21195410490036
3.2653073579072953
3.220984137058258
3.2316536992788314
3.215493655204773
3.253157836198807
3.2768785685300825
3.2347696244716646
3.250605136156082
3.255601891875267
3.235342487692833
3.2361453473567963
3.2406983733177186
3.187483873963356
3.280838829278946
3.2425420194864274
3.248138037323952
3.213973790407181
3.214535412192345
3.285649359226227
3.240221157670021
3.2980735868215563
3.2573950350284577
3.252946698665619
3.2174811482429506
3.2453611224889753
3.25585455596447
3.260819599032402
3.2927687585353853
3.2690846383571626
3.309478995203972
3.2880234628915788
3.2867579847574233
3.227632439136505
3.266115227341652
3.2366072207689287
3.283818906545639
3.223172226548195
3.2067081719636916
3.257893404364586
3.223019629716873
3.1995913654565813
3.235275936126709
3.2733736395835877
3.2393118381500243
3.2794480115175246
3.237838241457939
3.2367904603481295
3.2319853574037554
3.28491367995739
3.213189509510994
3.2325163036584854
3.218547451496124
3.258253586292267
3.278963974118233
3.264478176832199
3.232185849547386
3.1843027591705324
3.2478212118148804
3.258930227160454
3.237061211466789
3.2162690311670303
3.24929259121418
3.2474395394325257
3.2435676574707033
3.255066102743149
3.236387383937836
3.22181451022625
3.245923790335655
3.263868972659111
3.2580241739749907
3.2281537145376205
3.2676820933818815
3.236448159813881
3.20601310133934
3.2601320832967757
3.2258558332920075
3.2275348216295243
3.2103512465953825
3.289356219768524
3.22267961204052
3.2224435329437258
3.2737811267375947
3.248326399922371
3.2238557755947115
3.222313588857651
3.219269073009491
3.231654930114746
3.2436291337013246
3.264085018634796
3.210712742805481
3.238692784309387
3.204022893309593
3.210980349779129
3.201245427131653
3.218306291103363
3.213738298416138
3.248172828555107
3.2440566778182984
3.2477928042411803
3.250285288691521
3.2733852237463
3.269536906480789
3.2952223002910612
3.2656519263982773
3.2235070168972015
3.2278394609689713
3.2015057146549224
3.2356033831834794
3.214033991098404
3.2308601409196855
3.2120173662900924
3.220040312409401
3.209322825074196
3.23257697224617
3.2471775263547897
3.2206053495407105
3.234706073999405
3.238762006163597
3.201903998851776
3.2465782940387724
3.2209392786026
3.232648769021034
3.2463026612997057
3.2085642904043197
3.246944707632065
3.1958652555942537
3.230150896310806
3.2552028626203535
3.228986370563507
3.21267329454422
3.245985186100006
3.244390454888344
3.255633270740509
3.1823600739240647
3.1968809843063353
3.2242740988731384
3.248243975639343
3.2115978717803957
3.1971984952688217
3.18479280769825
3.238212862610817
3.197695475816727
3.220714822411537
3.1932731926441194
3.204417559504509
3.1796505838632583
3.269383120536804
3.2034732699394226
3.237258863449097
3.2175740927457808
3.227633926272392
3.215731769800186
3.2243767976760864
3.230969935655594
3.212636965513229
3.2050485789775847
3.215887135267258
3.1872402846813204
3.2309882402420045
3.232596257328987
3.2372709304094314
3.243352162837982
3.2181692361831664
3.2136807054281236
3.2028913468122484
3.217091199755669
3.247376263141632
3.258001798391342
3.2072687834501266
3.2354510605335234
3.1928938537836076
3.225402745604515
3.229499912261963
3.213944745063782
3.207490509748459
3.2343765944242477
3.2265913426876067
3.2314236760139465
3.236075261235237
3.218644228577614
3.1881324887275695
3.20292344391346
3.195527347922325
3.20296091735363
3.2177109628915788
3.226390612125397
3.2313074082136155
3.176079937815666
3.201202768087387
3.1719438642263413
3.2326219499111177
3.198753517866135
3.234691634774208
3.253521281480789
3.2561766028404238
3.261875021457672
3.230526515841484
3.204629898071289
3.199634703993797
3.2337305396795273
3.2139476746320725
3.232457885146141
3.1920915603637696
3.2056505978107452
3.1828362375497816
3.1622699737548827
3.17710827589035
3.1804242819547652
3.186333954334259
3.208732807636261
3.2013173341751098
3.1985531121492388
3.209392562508583
3.197532957792282
3.203951504826546
3.2026182770729066
3.2018828839063644
3.202590063214302
3.1887245059013365
3.2046984523534774
3.2167949795722963
3.2024313688278196
3.2052463471889494
3.202555015683174
3.2224918007850647
3.2280665785074234
3.2284708082675935
3.21691780090332
3.168360134959221
3.2337504774332047
3.1901604890823365
3.217630019783974
3.197220054268837
3.2179537296295164
3.1973606824874876
3.2004609972238542
3.2382957458496096
3.2035949647426607
3.227161130309105
3.231760784983635
3.2322847217321398
3.2157403260469435
3.2007509618997574
3.214221015572548
3.2341387301683424
3.208478882908821
3.2121729016304017
3.2019336104393004
3.19496788084507
3.2092487066984177
3.185164311528206
3.1913548171520234
3.188902685046196
3.1970278918743134
3.216764110326767
3.231575870513916
3.3009352684020996
3.2052539825439452
3.210832330584526
3.202599975466728
3.180598923563957
3.1908638149499895
3.171234279870987
3.1777162343263625
3.204708641767502
3.2396735072135927
3.2001027882099153
3.1893866419792176
3.236461815237999
3.2075193166732787
3.1884466648101806
3.1950968861579896
3.1824819833040237
3.220790293812752
3.242699924111366
3.1945884436368943
3.2132685661315916
3.219841369986534
3.2030851244926453
3.2093108922243117
3.2156078964471817
3.2086853116750715
3.2294518887996673
3.1605253517627716
3.2076021313667296
3.2032576978206633
