0.7054709636815596
0.5860017392942105
0.5275982108197693
0.5004939655333466
0.4874659511184848
0.47555393873674473
0.4685558133094241
0.4587898050049617
0.45245414870375533
0.4446103858248807
0.43973029159761795
0.4344097585068464
0.4300619648217378
0.4235819393241056
0.4196927200408246
0.4147336246621725
0.40973601968358314
0.4072807200180203
0.40140814317165835
0.39818722922172917
0.39548991785569765
0.39159911458383556
0.38668852690182604
0.3848004109599303
0.3801139245107042
0.3796404926804067
0.37367836800965115
0.3709455378572017
0.3689199239986339
0.36557237901011974
0.36189537672538324
0.3601859727395086
0.35716990223730816
0.3524903735625239
0.3510205264685597
0.34762813078075744
0.34426949073709184
0.34114883374119426
0.33872215925482274
0.3388983536912098
0.3356359250576566
0.33088066047876585
0.331246604457352
0.3265726267320714
0.3259787744438998
0.3232790537979393
0.3214974866919098
0.3202835993677475
0.3179425915114654
0.3161863681256577
0.31337853834178625
0.310941746355268
0.31016316323113363
0.3078326958107249
0.3038836214752073
0.30261380317642167
0.3015863497404788
0.3006614075324434
0.29815640603874716
0.2960865728144537
0.2960104397240213
0.29412867150691124
0.29229358857928345
0.2893582200237128
0.286581876223561
0.2859538223485217
0.2851003318879426
0.2832217415982815
0.2827212139236034
0.28067135529331744
0.2798061808904918
0.2785692792567834
0.27661380562506593
0.27376613787797066
0.27412487588313195
0.27137894926028455
0.27128055162655024
0.2688728301066917
0.26753336693545504
0.26663284258559006
0.2654125083735401
0.2639261792605009
0.2629720830276657
0.262101762190898
0.2603392420694572
0.2595265799654035
0.25797874327591264
0.25681445405421116
0.25538355675116425
0.2536160983023892
0.25336815450789485
0.25284348918483
0.25130621977271783
0.25067552135413945
0.24900841084384762
0.24784854035035794
0.2472046133652572
0.24572731163777436
0.24446203918818155
0.24364415900812086
0.2433401039931984
0.24105071812771042
0.24087617138600892
0.23915217690630922
0.2397456767359075
0.23858050880680642
0.23731670676691136
0.23564026922181686
0.23578506720279638
0.23442587792776307
0.23399979271698465
0.2325248679916711
0.23135364446364318
0.23111288659638612
0.23062138045843728
0.22911276078573656
0.22802825165299717
0.2278092445787467
0.22694559375898068
0.226312902564917
0.22498018568812442
0.22487578208555228
0.22382445951335206
0.2225222870076518
0.22274604238302778
0.221024444757533
0.22178191434385722
0.2204360045759608
0.21902245581635435
0.21907684655938942
0.2176310727281757
0.21778152412234378
0.21691185900947557
0.21596266552563212
0.21581481931069774
0.21415866627464078
0.21353843708671266
0.213756226051708
0.21191962956411442
0.21176384525306838
0.2112421639239361
0.21036226836303157
0.2104329334553756
0.20967830457885414
0.20874783736486777
0.2078678343651349
0.20768916832604703
0.20647255394377226
0.20647565724407035
0.2055179132603667
0.20455082670970537
0.20396136744888288
0.20393929654786952
0.2030898141356167
0.20293556386756587
0.202629510301138
0.20172438775386406
0.20157566122977663
0.20018922908880812
0.1997014247973113
0.19901494647858586
0.19886852912483463
0.19857457551971708
0.19821495676856088
0.19749627900628391
0.19669044253200973
0.1967102214451333
0.19537833755295905
0.1948681370103398
0.19517704058159446
0.19454432310421227
0.194872362338953
0.19329846004806822
0.193194248898604
0.19180896938914974
0.19210051009825851
0.19148559336844795
0.19056378069549118
0.19089300090792902
0.19050509977709587
0.18994296412514552
0.18946752202141945
0.18900221333829897
0.18849637104556305
0.1880806590330329
0.18747616469471773
0.18706717575120616
0.18639012816868697
0.1863635844196093
0.18540767929744253
0.1850092639655166
0.1847535819785991
0.18438565536896648
0.1843081821690553
0.18311298177471377
0.1838212208367326
0.18249341993553242
0.1825273517968212
0.18233821987620394
0.18150029911474608
0.1808513091567673
0.18140947787206413
0.1805823632434059
0.18012676533639238
0.17897058380251987
0.17953960871754718
0.1791166157404064
0.17908042453302234
0.1777167198906504
0.17794728354347644
0.17777074873447418
0.17717167223024058
0.17678046156121388
0.1768532599950458
0.17646242770387607
0.17532613773978883
0.17530462538963032
0.1751324821518376
0.1750382113146083
0.1750256477427405
0.174156110648806
0.17355924531671824
0.17370191024743772
0.17295876094397972
0.17295593928533579
0.1719071037509154
0.1720178311247779
0.17139135143364678
0.17124836697737636
0.1717825617629076
0.17073661727217976
0.17062475731299057
0.17016018856717244
0.17030799728651388
0.16972854194695475
0.16942760506068458
0.16918014169515927
0.16813042235685094
0.16849298923236927
0.16831113907723938
0.16770473564292399
0.16772512443582088
0.1672573571096414
0.1668400402129279
0.16639794450532341
0.16627570397011232
0.1660377661112077
0.16568118224606063
0.16585772460271947
0.1649415380646041
0.16527688978937627
0.16530856181918993
0.16467046395478108
0.1640005142515956
0.16390421343451603
0.16356841465063904
0.16299144569359694
0.16301252768171726
0.16301498229612357
0.16260633700154115
0.16241132281113912
0.16223638164977686
0.16177167670637466
0.16139496115403376
0.16105118534658164
0.1611421351178461
0.16137756057787409
0.16078424744963257
0.16029697049906666
0.16019535317094785
0.16051708118146715
0.1600613562505486
0.15927931387280797
0.1592825047598988
0.15909623221193928
0.15864384870867
0.15869761107895972
0.15843679738937838
0.15793846016112678
0.15772063367626954
0.15790326194382645
0.15763762285053148
0.15758064294579752
0.15727092044167099
0.15669511933280125
0.15697486679212277
0.15651022419576147
0.15649403231248793
0.15646272803071268
0.15644210033385683
0.15572343749701006
0.15562605103083466
0.15509019100413649
0.15523593164130997
0.1549705306510972
0.15500884119676067
0.15492857786362646
0.1545905515503029
0.15439617048936868
0.15377782413839128
0.15401598519921691
0.1533644478222058
0.15313060241918222
0.15327998561365985
0.1529797741032967
0.15321706965905446
0.1535202303980189
0.1526799111927371
0.15269758785295176
0.15209896673208728
0.15229631834193239
0.15199898889573468
0.1519644027666859
0.1515509974490548
0.15178846292416126
0.1515060283413539
0.15143059679467827
0.15148112250655793
0.15062198972371968
0.15050068968476224
0.15085219307908795
0.1507805310650835
0.1502059085555496
0.15018480346334873
0.15048763070995722
0.1498521263028589
0.1498759394990893
0.14961047212104844
0.1494499586692462
0.1491454126440741
0.1491438788437688
0.1489574379539451
0.14873596945783601
0.14867681177508948
0.14915364247774068
0.1485086202572922
0.14820497549754788
0.14795734808577
0.14825077034557294
0.14787873125814072
0.14805677146059293
0.1480800484698448
0.1472734065077204
0.14751717089053473
0.14738612330794723
0.14736138495346623
0.14706039797599618
0.14700140301684214
0.14707943934231316
0.14689633897005153
0.14657775387896
0.1466790376661849
0.1468847545913454
0.14627523663232303
0.14668158883477656
0.14625124507113466
0.1465363581376666
0.14602563024198192
0.14615089392914446
0.1454947560006322
0.14561472812527942
0.14542764174093642
0.14584452362809974
0.14531203358152014
0.14514668635320196
0.1450727948439626
0.1450848596152343
0.14506743179713089
0.14479645478754555
0.14470011086873588
0.14516741094400906
0.14463933258763353
0.14478460990547745
0.14467112194588985
0.14438897766876688
0.14470793133304252
0.14449997228063668
0.14421368747075916
0.14451803877367259
0.1443871232144025
0.14437844782630863
0.14420596398534527
0.14396946939127064
0.14369883071570522
0.1439204568631874
0.14370892285475514
0.1440201192026418
0.14349138827733574
0.14364114612438003
0.14383534174594506
0.1434750178106833
0.143679532680527
0.14303624051158903
0.14324973149874312
0.14345238077475506
0.14295774027219812
0.14337540652105396
0.14309663613135729
0.14351610033636372
0.14274541164842414
0.1430054015027972
0.143227884685469
0.14271651282421152
0.14325718660550707
0.14212842521042313
0.14282015853042712
0.1425066125436598
0.14246623332123803
0.14257164471797912
0.14261359284580336
0.14253498998497907
0.1420297043015786
0.1421310370029572
0.14219338452922792
0.14235492383132928
0.14209817965129687
0.1419911215184954
0.14174840394225494
0.14214979324501967
0.14201622917423032
0.1419591699948334
0.14198629300835078
0.14181334709791096
0.14145753819022194
0.1419279735037869
0.14151118439698063
0.14170400379680656
0.1415472813678681
0.14146705330971399
0.14134007549149982
0.1411438552778008
0.14150055568264827
0.1410927805406457
0.1413646530153697
0.14099218924484347
0.14123108865335243
0.14132985845208168
0.14109764320939683
0.1410027736925341
0.14106940099490195
0.14099620349389722
0.14112155157648001
0.14098755760476334
0.14100744819165442
0.1404903112313064
0.1409047345239487
0.14085850185117038
0.1408213132974185
0.14068310548845642
0.14054044078829234
0.14055157491652118
0.14015985155290034
0.14036751675634895
0.14033121849844044
0.14026333136841995
0.1408689285018739
0.14029755830425006
0.1404776499282071
0.1401378764294646
0.1406239880679679
0.14015252583626817
0.14043991597739416
0.14021963197798604
0.1398491841476981
0.14028897569651325
0.1399558496082062
0.14002815045489161
0.14003834746025673
0.14016922233256143
0.13973750453138972
0.13982593740187949
0.13972698303746478
0.13985396179003515
0.13969024291401577
0.1395926882151866
0.13975271683319773
0.13943295617639437
0.13964374010308558
0.13952935188523333
0.1395978303292481
0.13964229323431024
0.1394262625699323
0.1394014962575723
0.13939101847210225
0.13951135340604798
0.1392519269684627
0.13935403923840786
0.13952746790763998
0.13911976110711938
0.13938126207029003
0.13951381467015814
0.1393145386991167
0.13942925665976558
0.13922000178879168
0.13930783781195696
0.13896219478465058
0.13917232599679732
0.13913171518751774
0.13888963262159196
0.1388888839838559
