0.702185319020198
0.6692114518238947
0.6426775761139698
0.5451664725939432
0.5387319463949937
0.5724362914378827
0.6881390473781488
0.6277321852170504
0.7383755781711676
1.0588160111353948
1.1142741044362385
1.174577303421803
1.740993096278264
1.9229059219360352
1.9604373772939045
2.5128624806037316
2.50841368161715
3.1504395191486063
3.219508770184639
3.403514739794609
2.990328605358417
3.4641744723686805
3.663388301164676
3.8656889964372683
3.888404204295232
4.147964942149627
4.09880893658369
4.459733033791567
4.590535677396334
5.039142229618171
4.4417219161987305
4.42391126583784
5.144149376795842
4.583194732666016
4.645321980500833
5.163968954330835
4.15472254386315
5.1578102356348285
4.677484292250413
4.444241878313896
5.222547457768367
5.082855334648719
5.287230075933994
5.667448630699744
5.434402624766032
4.638619312873254
5.523273235712296
5.354035634260911
5.458839930020845
4.857250763819768
5.562882240001972
5.455444776094877
5.684808975610977
5.72407605097844
5.747306420252873
5.6986799240112305
5.754072005932148
6.106060529366518
6.313496198409643
6.343222361344558
6.997077990800906
6.3418935139973955
6.972671667734782
6.4684391510792265
6.8204941138243065
7.003660202026367
7.715481061201829
7.410725471300957
7.733109804300161
8.013049859267015
7.942106026869554
7.86202213091728
8.31331810584435
8.953382834410055
8.314215048765524
8.45256844545022
7.500409823197585
8.067960470150679
8.601944165352064
8.822757011804825
8.648834228515625
8.677391419043907
8.993859070997972
9.678197518373148
9.085798752613556
9.61739364037147
8.729699746156351
9.13573749248798
9.576494852701822
10.4581880569458
8.899815803919083
9.725890966562124
9.266679959419447
9.648557858589369
9.464030339167667
10.20363590044853
9.994642306596806
8.91136817443065
9.901252184158716
8.931644072899452
