3.630146627072935
3.3437071294866056
3.3403735724609462
3.328467301833324
3.316528751639559
3.2979426499445554
3.2537708703608934
3.1733677427992864
3.037060067864225
2.902641758280262
2.8234590261410446
2.715324757445572
2.6017423857990494
2.4708138480145707
2.35427955378834
2.2984499024529743
2.231381996744379
2.124179812238427
2.0245059745603817
1.9715559808616965
1.914862489768243
1.8649523468778344
1.8488202339563615
1.8087780805055234
1.7541171920265568
1.6956968698066863
1.6312208566230926
1.631275797161961
1.599804516871091
1.6518791401148523
1.594672435369247
1.5586424132018348
1.5279051979043206
1.506494201316453
1.5075805677987233
1.491436703762098
1.4584033796590279
1.4279427234603468
1.4025152520916062
1.3963675831797455
1.4192521490602412
1.3825072858408305
1.3701132967261507
1.3902948064002556
1.379709873104367
1.4147430666831144
1.4117357272368212
1.3147218865886372
1.299158748568293
1.3182404031101456
1.289135171986713
1.3139003046557434
1.2653360008514165
1.2327413907078257
1.3100785484001507
1.285544679035828
1.1892862915992737
1.2301131812935202
1.2390340515690992
1.1660332757862883
1.2127141325901716
1.167528764984207
1.1735100921063002
1.1899309278892996
1.1672835844194787
1.1352294005899348
1.12159556846673
1.1185592530120132
1.1162340737815597
1.0798700732043667
1.0503608480817572
1.0847043671838918
1.0582833874259578
1.0784698560027315
1.1056945554890865
1.0728005513846026
1.1052984973983546
1.095996328228899
1.0317422727234342
1.03774870375962
1.0003645100824514
1.0802006026958129
1.037873504338441
1.020605894405278
1.0169843382645196
1.0188618202155133
1.0481489139404732
0.9912334706029321
0.9392930437356998
0.9882389697593841
0.9802740854755086
0.9930622963993637
0.9363186043551844
0.9479513803438583
0.9606690576613119
0.9634623245635943
0.9804033321193141
0.9448816896843435
0.9593387774252824
0.9231528252617925
