4.669155459118705
3.5819702195985363
3.5805435119531093
3.5874747224682757
3.5668970961176774
3.5871613881526847
3.543231510368847
3.542376167753823
3.55523911704365
3.5870142506058738
3.5752998267823135
3.5265236050315054
3.479534941181498
3.4142997984872583
3.385698200970294
3.3470947701706844
3.2934197394596545
3.1970314504074575
3.1253953652504163
3.0596801154633875
2.9978605980886694
2.946182079124994
2.905922275662762
2.880536088237056
2.8309077842962367
2.7729577719316185
2.708266466771096
2.6910404160491423
2.6749430490694834
2.698506443588822
2.6675759516550266
2.621241686690567
2.587571242256382
2.5740621215597517
2.584996152807165
2.552404576217347
2.536969459973849
2.4928008270399524
2.47407096607393
2.46566082337643
2.4856957951162615
2.444212950192965
2.439991737023378
2.4559684777871156
2.445131464221878
2.480137411006156
2.4632394914953117
2.366834817448912
2.353794537378512
2.3598801926669912
2.3339964721956825
2.3460544687390668
2.306309770315121
2.273896437085252
2.349399528272471
2.3078215818459493
2.2206014489855863
2.258964381666265
2.266916912165802
2.194297963058167
2.2404254022826495
2.1930379993215925
2.2012990421039764
2.212098098888017
2.1934400599906247
2.1625358287425462
2.1460972379075836
2.142205451288794
2.1412535505077437
2.0913739153462596
2.0664180605499833
2.1085732747346926
2.0746528572506375
2.101255650194282
2.1237854587386478
2.084514375765439
2.1229108011620674
2.104553186316096
2.037069433095448
2.036190535268213
2.002233913481405
2.0904972835144084
2.034743103546295
2.0135175424423655
2.014372263199244
2.003903234786118
2.030603577268769
1.9739001724455092
1.9106042018303504
1.9541616263212982
1.948639168358936
1.9562877273967123
1.8930195916412222
1.91192181293781
1.923106167391155
1.912742726483576
1.926934797879298
1.8833479677510059
1.9057001697371827
1.8624431788072286
