4.310659972104159
3.4012772820212622
3.2231839353388008
3.132630391554399
2.501304799860174
2.323818629438227
2.782286047935486
2.629998033696955
2.69086369601163
3.007638703693043
2.7662625963037666
2.699413738467477
3.065134958787398
2.797767162322998
2.907109249721874
2.781970425085588
2.8380277265201914
2.8055471073497427
2.7297803271900523
2.6949315558780325
2.621099813417955
2.676575118845159
2.715989513830705
2.6644373698668047
2.6833212917501275
2.6806021712043067
2.972157055681402
2.7262613881718027
2.7402830449017612
2.880232724276456
2.587439873001792
2.5903154123913157
2.445000637661327
2.5449248769066553
3.1332705346020786
2.8924480893395166
2.544133175503124
2.8414221676913174
3.013099497014826
2.535083434798501
2.6922839879989624
2.7342382561076772
2.7511969804763794
2.671858473257585
2.9913787083192305
2.7226207039572974
2.7623535177924414
2.5460263057188555
2.6492835500023584
2.6196422414346174
2.8267634240063755
2.694934465668418
2.727730631828308
2.575218000195243
2.715911171653054
2.485103813084689
3.1561594768003984
2.6853751919486304
2.774069742722945
2.9060546159744263
2.7431562597101387
2.6358181671662764
2.716456554152749
2.925658009269021
2.7604078596288506
2.7462745254689995
2.428366633978757
2.638918540694497
2.7620076049457896
2.699547540057789
2.914571290666407
2.943381515416232
2.694752714850686
3.014962700280276
2.9357582222331655
2.6340403014963325
2.563078051263636
3.0275506431406196
2.586589964953336
2.4649677710099653
2.509369362484325
2.6834771524776113
3.1122029803015967
2.765801939097318
2.629661511291157
2.703714457425204
2.5030308853496206
2.4237917932597073
2.7077846201983364
2.8060449253429067
2.7022191394459116
3.057052807374434
2.8626977747136895
2.876823511990634
3.0042527588930996
2.7068763212724165
2.8256006999449297
2.6313175829974087
2.4958611076528374
2.7211604335091333
2.478046942840923
2.841125574978915
2.9668291373686357
2.896591240709478
2.773068677295338
2.705801037224856
2.3600964546203613
2.6424456401304766
2.840589479966597
2.7365042729811235
2.6857955997640435
2.799794002012773
2.5647870410572398
2.967050801623951
2.8525863235647027
2.9410015561363916
2.7018127766522495
2.6318988474932583
2.6211869716644287
2.762387015602805
2.603354676203294
2.7101490064100786
3.1362886862321333
2.861727075143294
2.845242061398246
2.8413030125878076
2.654137622226368
2.6368672739375723
2.6050397807901557
2.4927608424966987
2.7990084886550903
2.6263387961821123
2.633213146166368
2.788764785636555
2.5446168915791945
2.7286250482905996
2.8797528093511406
2.6677415696057407
2.6611103036186914
2.5953101569956
2.621851097453724
2.3743402145125647
2.660882819782604
2.607762423428622
2.766654675657099
2.553549430587075
3.0471551309932363
2.7197902744466607
2.840345420620658
2.59530094536868
2.467394942587072
2.7690954316746104
2.5041376135566016
2.438026959245855
2.7327422499656677
2.8049290613694624
2.648137753660029
2.7250850309025156
2.7641928412697534
2.7388173883611504
2.6103585795922712
2.9786281802437524
2.5660898251966997
2.857076108455658
2.5462715192274614
2.6918945854360405
2.7272515188563955
2.7402922131798486
2.6392412944273516
2.8989112593910913
2.7228723656047475
2.3897110548886387
2.921229741790078
2.664185892451893
2.6032481410286645
2.8172896775332363
2.5905480709942905
2.755432356487621
2.513855663212863
2.711053176359697
2.8837511214342983
2.6202855570749803
2.4960075508464468
2.6931457302787085
2.819497661157088
2.8532456430521878
2.8175700469450518
2.7716466296802866
2.639467033472928
2.842362490567294
2.7404469793493096
2.655352299863642
2.6755327744917436
2.7361866018988867
2.6936212344603105
2.519362113692544
2.654602191664956
2.68379685011777
2.8701081709428267
2.5439272902228613
2.718705957586115
2.7144427462057634
3.1913551850752397
2.686757347800515
2.3422940861095083
2.5037123506719414
2.4689305262132124
2.87328378720717
2.636381517757069
2.518582755869085
2.8146975257179956
2.6825402216477827
2.550836443901062
2.8419039249420166
2.5732302286408166
2.9829385063864966
2.7028363076123325
2.593537926673889
2.860531882806258
2.642335902560841
2.4014135490764272
2.785410913554105
2.537091016769409
2.9237471277063545
2.8791441158814863
2.682983149181713
2.594990275122903
2.745768438686024
2.822291921485554
3.1319783709265967
2.5578818321228027
2.775390765883706
2.7579780275171455
2.799810463731939
2.695983745835044
2.738352591341192
2.775975536216389
2.7220031348141758
2.6779822382059963
2.7124600302089346
2.748356743292375
2.69475181536241
2.7391237995841284
2.6692483858628706
2.579499743201516
2.625061511993408
3.007635300809687
2.7260170741514727
2.683936845172535
2.7499107014049184
2.866061134771867
2.3606181903318926
2.564810411496596
2.642894571477717
2.8038453947414053
2.6121090217070146
2.9079181389375166
2.6384077722376045
2.6068637696179477
2.744784187186848
2.765906198458238
2.496374260295521
2.500440933487632
2.8034007007425483
2.594311524521221
2.7064905058253896
3.081711270592429
2.1747508265755395
2.5984671224247324
2.7801921367645264
2.5956088412891734
2.654819954525341
2.7838936068794946
2.5960619883103804
2.855514244599776
2.705568714575334
2.4709553014148367
2.7907066345214844
2.5166573253544895
2.558590005744587
2.910564834421331
2.5731687545776367
2.6070291237397627
2.776029819791967
2.921736652200872
2.889682813124223
2.6625524813478645
2.8240549347617407
2.776792602105574
2.5617777325890283
2.8328766280954536
2.833549987186085
2.7903746366500854
2.7232103672894565
2.6038482947783037
2.602978131987832
2.694708379832181
2.712407784028487
2.6769468188285828
2.825453118844466
2.6324417265978726
2.7415338212793525
2.6703159754926507
2.923225229436701
2.599720510569486
2.8239751620726152
2.565534548325972
2.801988048986955
2.5267548777840356
2.550173130902377
2.791926622390747
2.461653330109336
2.452000932259993
2.6968978101556953
2.633355525406924
2.6780475594780664
2.772826227274808
2.6001815037293867
2.632471789013256
2.904561411250721
2.9592572559009898
2.5802606019106777
2.8153993649916216
2.7260830131444065
2.798829338767312
2.7108641104264692
2.5291120464151557
2.7691587805747986
2.5125409473072398
2.6022925702008335
2.6546583392403345
2.679509845646945
2.3732305114919487
2.7777012803337793
2.5001475648446516
2.501274661584334
2.9059618603099477
2.5463531667535957
2.5698787840929898
2.682271133769642
2.85940467227589
2.6516969312321055
3.103029581633481
2.891574176875028
2.737635298208757
2.707947470925071
2.669252010908994
2.8627595630559055
2.736784187230197
2.6606116890907288
2.9545208649201826
2.6920320879329336
2.676279078830372
2.806344444101507
2.5671475150368432
2.53605361960151
2.585285251790827
2.71408917687156
2.9564546888524834
2.8778128407218238
2.557302301580256
2.758168003775857
2.626586437225342
2.52879180691459
2.5871569351716475
2.792485573075034
2.6768103296106514
2.679372689940713
2.7676661881533535
2.6139227368614892
2.53436722538688
2.640161568468267
2.783536195755005
2.371820330619812
2.6177227280356665
2.906076669692993
2.792428642511368
2.5384474992752075
2.8146453228863804
2.5523315559734
2.7045002688061106
2.702143820849332
2.815348809415644
2.7731805823066016
2.6049554456364024
2.6295549761165273
2.8468139713460747
2.775429758158597
2.70212797685103
2.6974475871432912
2.718604228713296
2.9045325842770664
2.690113739533858
2.7173180905255405
3.0875332680615513
2.7691553072495894
2.731149337508462
2.6865273172205146
2.8223924203352495
2.4944932677529077
2.5798814079978247
2.7534995079040527
2.7245257280089636
2.519398234107278
2.646944436160001
2.8994004184549507
2.7656446478583594
2.8226194706830112
2.6168673146854746
2.7129099694165317
2.864007527177984
2.4813508445566352
2.640850619836287
2.5598370161923496
2.5669950246810913
2.816722414710305
2.704239541834051
2.6343742067163642
2.61356427452781
2.6157538999210703
2.6280753937634556
2.782067309726368
2.6988780281760474
2.6877083236520942
2.5857657844370063
2.6129792657765476
2.511356234550476
2.6285321604121816
2.6410342021421953
2.6457043886184692
2.8931176120584663
2.6309445879676123
2.90474889495156
2.6111866018988867
2.92955190485174
2.8422936526211826
2.609977061098272
2.5885138349099592
2.8595237596468492
2.680273272774436
2.7540752562609585
2.6496688398447903
2.5948786627162588
2.6832594112916426
2.2752133174376055
2.6394471471959893
2.7885958498174492
2.7121408690105784
2.7497017708691684
2.7359881075945767
2.6455601778897373
2.696196897463365
2.7554357647895813
2.861953085119074
2.626139998435974
2.4911902167580346
2.6126450787891042
2.3497309901497583
2.5155397111719306
2.8033499121665955
2.7470445416190405
2.7063937295566904
2.4591715660962192
2.773788332939148
2.625484488227151
2.736438301476565
2.791886481371793
2.618277896534313
2.723439021544023
2.8649431846358557
2.7012176405299795
2.826687466014515
2.6563265161080793
2.648329182104631
2.67104848948392
2.4413639903068542
2.607830909165469
2.59810488874262
2.643733024597168
2.5975201184099372
2.653615512631156
2.774715792049061
2.993966720320962
2.61931174993515
2.7128159783103247
2.695873412218961
2.7907559004696934
2.7729750600728122
2.7257616086439653
2.7567277388139204
2.673254598270763
2.829929433085702
2.714601928537542
2.512740904634649
2.544604019685225
2.7597922411831943
2.5176383798772637
2.7227331508289683
2.7338777780532837
2.4881324768066406
