8.913779258728027
6.591881231828169
5.952456300908869
5.786531209945679
4.991374622691762
4.876732956279408
4.7066826386885205
4.585841482335871
4.761347532272339
5.227285060015592
4.51782191883434
4.32666557485407
4.903866160999645
4.757846875624224
5.2809836214238945
4.623431270772761
4.730795556848699
4.540035399523648
5.0868729894811455
4.63132643699646
4.910926840522072
4.673558755354448
4.5763822035356005
4.742136716842651
4.755803996866399
4.739553343166005
5.258209228515625
4.5596068555658515
4.872434811158613
4.950460433959961
4.4044599533081055
4.664417743682861
4.3801960945129395
4.893592162565752
5.488794868642634
4.933920231732455
4.962603655728427
4.958629543131048
5.290316560051658
4.479688557711515
4.8093249147588555
4.8196327903053975
4.974226973273537
4.631850546056574
5.164294784719294
4.746055234562267
4.697703686627475
4.790073546496305
4.921707673506304
5.057495095513084
5.285635297948664
4.572592561895197
4.412132393230092
4.3816140781749375
5.052773865786466
4.516513347625732
5.837647264653986
5.414157325571233
4.8143157525496045
4.574383193796331
4.587045647881248
4.8708974881605664
4.653371334075928
4.895260832526467
4.791006933559071
4.671947956085205
4.627612146464261
4.9262684258547695
4.906843792308461
4.860356309197166
4.952915473417803
5.480049436742609
4.944084557619962
5.119891621849754
4.977055961435491
4.521680766885931
4.581262263384732
4.989034219221636
4.615274559367787
4.5010363405401055
4.634706974029541
5.020085334777832
5.101099447770552
4.819616079330444
4.446649768135765
4.47946437922391
4.280086647380482
4.246260924772783
4.570233366706154
5.08753164248033
5.462152481079102
4.765082185918635
4.839929580688477
4.817429130727595
4.880684028972279
4.6107540780847724
4.997668244621971
4.6523448770696465
4.394050316377119
4.5696704604408955
4.349677064202049
4.913601008328524
5.142246701500633
4.3785833878950635
4.3433240760456435
4.650338367982344
4.091326388445768
4.601113254373724
4.890976363962347
4.942948406392878
4.845896980979226
5.058649756691673
4.678583600304344
5.320607380433516
4.829025767066262
5.038790095936168
4.570174672386863
4.478415402499112
4.77916786887429
4.902497746727684
4.381239240819758
4.4678215547041455
5.189249038696289
4.645599148490212
4.789422793821855
4.621058572422374
4.695144891738892
4.5130226828835225
4.564184925772927
4.219426870346069
5.099749305031517
5.114122672514482
4.7549780715595595
4.6781768582083965
4.243316466158086
4.704722902991555
5.326899268410423
4.8563500534404405
4.498225602236661
4.885918812318281
4.7209765911102295
4.55597425590862
4.7583007270639595
5.52928452058272
5.031701478091153
4.586463137106462
5.530402768741954
5.024314685301348
4.813514189286665
4.880387501283125
4.749014182524248
4.69907166741111
4.445264751260931
4.802343997088346
5.137067751450972
4.90577262098139
4.706474791873585
4.951051191850142
4.872903086922386
4.985319397666237
4.969210711392489
4.971723448146474
4.449446613138372
4.7038470615040175
4.645057743245905
4.665236364711415
4.675624869086525
4.568662556734952
4.516500494696877
4.6115945685993545
4.969673546877774
4.241068146445534
4.7013444033536045
4.561908050016924
4.331706979058006
4.798133134841919
4.361881191080267
4.415109461004084
4.307790257714012
4.334982113404707
4.350352178920399
4.435055342587558
4.318569042465904
4.737596078352495
4.492973035032099
4.635681379925121
4.95804797519337
5.154955842278221
4.448136242953214
4.548823378302834
5.053896188735962
4.656683770093051
4.758051720532504
4.84383056380532
4.776667399839922
4.447306286204945
4.8535261370918965
4.744204846295443
4.888466921719638
4.282230572267012
4.452408487146551
4.3382079818032
4.767793091860685
4.434154055335305
3.98547316681255
4.716377193277532
4.893498464064165
4.994295618750832
4.52107082713734
4.315092032605952
5.374643802642822
5.35125021501021
4.73845759305087
4.375271255319769
4.7143799608403985
5.589924508875066
5.037013183940541
4.427297852256081
4.692887262864546
4.521282510323958
4.313417131250555
4.653842178258029
4.649740511720831
5.202425241470337
4.692241148515181
4.453598412600431
4.801410089839589
4.970059633255005
4.68952180038799
5.187863653356379
4.6012820330533115
4.597466447136619
4.957296826622703
4.936745838685469
4.496093771674416
4.450585582039573
4.854724927382036
4.716388594020497
4.363341743295843
4.519485170190984
4.7034737196835605
4.942247152328491
4.737959471615878
4.4537530378861865
4.627240571108731
4.436277866363525
5.017475236545909
4.6412764679301866
4.69532223181291
4.617125988006592
4.697612112218684
4.214405623349276
4.428271987221458
4.5555454167452725
4.645396557721225
4.387806502255526
5.15082084048878
4.774247147820213
4.599214163693515
4.655871087854559
4.582376328381625
4.421541344035756
4.378301598808982
4.638904744928533
4.502659602598711
4.597117467360063
4.9251088229092685
4.067996361038902
4.838176185434515
5.0726564797488125
4.881428068334406
4.74203896522522
4.83595423264937
4.439523306759921
4.999745759097013
5.0174220908771865
4.4272496700286865
4.5795723308216445
5.215148405595259
4.630624803629789
4.701666376807473
4.32583626833829
5.003789294849742
4.792472470890392
4.929747906598178
4.656757918271151
4.457663969560103
4.584693063389171
4.762211214412343
4.524173389781605
4.858298258347944
4.713754653930664
4.606646321036599
4.461607434532859
4.526522853157737
4.473245750774037
4.8060386180877686
4.595972364599055
4.734304558147084
4.731323198838667
4.57516470822421
4.693391539833763
4.347691405903209
5.005272150039673
4.334305806593462
4.680260398171165
4.45672158761458
4.75437610799616
4.250812833959406
4.607739296826449
5.020654938437722
4.838473558425903
5.210557027296587
4.7207254713231865
4.480416883121837
4.2818989753723145
4.556642402302135
4.481463800777089
4.571981733495539
4.953388647599653
4.771578615361994
4.289528597484935
4.581888220526955
4.6714324517683545
4.783334320241755
4.615565126592463
4.314746856689453
4.860201055353338
4.761320049112493
4.712199102748524
4.540889479897239
4.960088469765403
4.174770420247858
4.676272283900868
4.441640593788841
4.247614275325429
5.339301261034879
4.392376097765836
4.574330568313599
4.868455084887418
5.127277764407071
4.798441084948453
4.816152496771379
4.866652228615501
4.831979903307828
4.303970597007058
4.538729320872914
4.993816657499834
4.819116787476973
4.496444810520519
4.859145576303655
4.766136082735929
4.598472356796265
4.64521184834567
4.328843485225331
4.438085967844183
4.588310675187544
4.8211728659543125
5.405513416637074
4.950297919186679
4.4942216006192295
4.515101562846791
4.337369398637251
4.297347588972612
4.52352651682767
4.518528331409801
4.631639372218739
4.739988673817027
4.647259430451826
4.312751574949785
4.358083941719749
4.694442987442017
4.593671105124733
4.218458717519587
4.660895130851052
5.215830607847734
4.713262492960149
4.470262072303078
4.599070895801891
4.304875829003074
4.626525857231834
4.474447857249867
4.701868729157881
4.989230199293657
4.611547036604448
4.614999142560092
4.802654223008589
4.598602966828779
4.505455884066495
4.482670935717496
4.719577897678722
5.099323012612083
4.670551365072077
4.466079040007158
4.948990518396551
4.594816749746149
4.524493260817095
4.41064901785417
4.7314442504536025
4.375795386054299
4.440402507781982
4.60754411870783
4.331091631542552
4.412051114169034
4.632878195155751
5.078533411026001
4.78588943047957
4.715287165208296
4.509401559829712
4.574300419200551
4.823498985984108
4.454256989739158
4.415993842211637
4.43622974915938
4.281746040691029
4.547327518463135
4.568908171220259
4.845536470413208
4.634304826909846
4.252803087234497
4.458650914105502
4.85017483884638
4.534617098894986
4.459444067694924
4.593759276650169
4.6574200283397325
4.6055661548267715
4.89188586581837
4.818245736035434
4.6504881815476855
4.656480377370661
4.690752679651434
4.998637762936679
4.3725801597942
4.950660488822243
4.714846285906705
4.420924793590199
4.6856708093123
5.040576436302879
5.027247298847545
4.602822932330045
4.297405524687334
4.4044176231731065
4.591743642633611
3.923304947939786
4.2856808792461045
4.492744153196162
4.812990015203303
4.951104315844449
4.810055819424716
4.444981163198298
4.345014929771423
4.562151269479231
4.832693316719749
4.525806817141446
4.4168560071425
4.244376117532903
4.19111337444999
4.706452109596946
5.366404078223488
4.765892288901589
4.548900690945712
4.323028282685713
4.648951660503041
4.51488091728904
4.5099755417216905
4.454154838215221
4.499688300219449
4.594663598320701
4.777896274219859
4.379314379258589
4.630388541655107
4.6243435903029
4.7511067390441895
4.471798690882596
4.158308527686379
4.8292270790446885
4.713437015360052
4.321736552498558
4.191949107430198
4.33612614328211
4.606222066012296
4.916597929867831
4.353893886912953
4.602945717898282
4.622234561226585
4.676778381521052
4.557094617323442
4.5473948392001065
4.794888409701261
4.701336232098666
5.081282724033702
4.555364522066983
4.16305964643305
4.461339777166193
4.825157664038918
4.498272679068825
4.523646289652044
4.450044588609175
4.160761779004877
