7.974683016513764
4.391457849984571
2.728267321196867
5.294982199275165
5.307126237711775
4.248279024502752
2.5688096675602368
1.8485586589032954
2.554199127975954
3.381829848182112
4.059541032749777
3.9672666972035464
3.282025132306523
2.278745557687201
1.8208270497477184
1.6251104469096491
1.4568564465286535
1.1650218371553556
0.9332708584158693
0.743539610189433
0.8494887177997872
0.8932003814593467
1.2863005721837506
1.4625580648365768
1.3765887778634525
1.2403110285616596
1.0799589032327463
0.7995276028062026
0.8855645340169043
1.105969200689063
1.0904822980393163
0.8431792810521989
0.8735594828244146
0.9931219146339172
1.0239127347924692
0.864443322785006
0.6584572847979182
0.5260951183953814
0.8510950544260262
1.1097866479211096
1.0589325768038866
1.0196232993568948
1.1819403505603705
1.215412781475185
1.344774994032894
1.0699709920310496
0.659676475486127
0.4021102862123453
1.1029739017979714
1.5240197937323512
1.4847728942114677
1.1860165342974405
1.0164498466069347
0.9606464548693586
1.0710596163835597
1.3043301993354943
1.2130454021558055
0.8469474072800367
0.6085081474546395
0.8416295017024892
1.1350091731081018
1.4083700594154371
1.3199805245984089
0.974844369071041
0.6728684310618791
0.6086820638159894
0.8559600551293431
0.929841668233959
1.0508192213402876
0.9927655249660069
0.7920543624273034
0.6322584356786412
0.5729377289629659
0.7800157801422902
0.9473164597583672
1.091045748799716
1.0922872841706168
0.8446995550339375
0.5909555785550586
0.5031415530176735
0.8263651785550264
0.9984661313620481
0.9706598098970036
0.7432793871724078
0.5681717413927337
0.5320220969188602
0.7186647512646294
0.8400743946470351
0.8654405238282392
0.7730735833193483
0.6625197740322953
0.5976814386295815
0.6091903519938646
0.6172347613381186
0.6138344224887257
0.5630783599252199
0.46200426369035513
0.322532882421488
0.3691156041980088
0.46672173557776625
0.5549401622747162
0.5484294919444681
0.49912713065407893
0.45866811690577075
0.4169100290218724
0.4812035388355955
0.5731542437796397
0.5857154728970595
0.5681878165019563
0.5179087827114188
0.4474563339012081
0.35145395465996787
0.313579225448194
0.4663410125994702
0.6348955330995841
0.7589514378063673
0.7763398722423127
0.7027555660121734
0.5930224163916034
0.5117908046954468
0.41463578971502085
0.4287147756613126
0.4517750816731974
0.522882141092104
0.5565398769939413
0.5324269456352364
0.53270404668427
0.5604421421574791
0.6445187138357791
0.6980866205950793
0.7077473736833393
0.654195195267457
0.5495762864533218
0.4017751510313295
0.2568836798759378
0.1902812265599142
0.26691665123212927
0.3817053102174334
0.48905787991672084
0.5517117763380889
0.5514475583433608
0.5233943561671475
0.44277155160705084
0.37362255107571024
0.362591808691335
0.38042997256281774
0.4220192007987672
0.43877633132220706
0.4491167300884877
0.4406388045177547
0.4597066427838116
0.5168395633121845
0.5500120108479555
0.564420558419001
0.5299992676672088
0.477108690381249
0.3908655174430755
0.3626240963757883
0.3317464303855999
0.32552460704722735
0.34587320653073883
0.36270346233405304
0.38471745235458626
0.3785957972440648
0.3659971080987626
0.33007975342723106
0.2805671227833348
0.27952024628958966
0.2944890760301649
0.34777257785984034
0.43363787789360697
0.48068538873617206
0.5291390165723892
0.5265583285597387
0.506351153238104
0.47119944728444874
0.4603233909214209
0.4303866336999882
0.39835446249006984
0.3641509803958094
0.3185693894678399
0.2701079669634534
0.22908050556347906
0.20708700511806502
0.21929322802046122
0.24688387877176562
0.271121768633508
0.29023584532702934
0.28881444221516267
0.2834525243802504
0.26216882925241364
0.2514494564990087
0.22636836782110245
0.20011536638447402
0.18831121348608923
0.20301428340916042
0.21167547554647653
0.20532148727856644
0.22033143710901182
0.24757907956565192
0.2774830275744175
0.29731726201501263
0.32030871773979086
0.3472125326796707
0.3521815427300133
0.3427456141239012
0.3124851874503819
0.2846237089332687
0.2590351878813747
0.24130348993575604
0.2194068077594365
0.20310839097807068
0.19221238122073883
0.1681494718111486
0.15908883508602414
0.14614211775058006
0.14729599801014123
0.17189861448160104
0.21362332700191686
0.2648761510861427
0.2963947223389119
0.32237125245902415
0.3491514407415207
0.3521353741602862
0.3414035454529141
0.3260616338481696
0.3154737127384014
0.3242902658798975
0.31479719181772664
0.3090486039560571
0.32623760215782743
0.34550984606482366
0.36482327368678996
0.3855324039815166
0.3993972413633345
0.3998878199647525
0.38397979474097516
0.34566619065128035
0.30194145762940267
0.26659209518580756
0.24909864255445416
0.25055072920162347
0.2574345053572074
0.2644313442846255
0.26703374986354267
0.2861215692072535
0.2903256218840024
0.288222672978573
0.2820734077562781
0.2740675000671151
0.2573164349873927
0.23060052790325616
0.22947930529079802
0.2441524172308944
0.25034412086084545
0.25019773011957236
0.2542204511685109
0.25068042567116305
0.2602584964974012
0.2664682289354
0.261246679709592
0.2589171706660774
0.2698988897960518
0.28624887937202964
0.30197154442850405
0.299930614677939
0.2985643293581176
0.29281565266738246
0.27694031045002376
0.2616055510235986
0.24547167387701652
0.2328331299604626
0.223220781759484
0.20919511004897134
0.2021472124232164
0.18837435922590864
0.1762851928364644
0.17162995848236132
0.16716573069849244
0.17225957274735224
0.17440012768470217
0.16923814649702212
0.1595980583863322
0.1663535166907748
0.17010960399209707
0.1934961541753893
0.21251599324728868
0.229261310983937
0.23465578064160908
0.2365574127962631
0.2334071013197191
0.22282035197686711
0.20910174416392122
0.18661226854784674
0.16689580392474626
0.15824201857800083
0.14950976807241942
0.14911479506023334
0.15462018706656377
0.170188860689679
0.195658561671844
0.2226583367715387
0.23775452968227156
0.2550206774530359
0.2636225824558904
0.26380712567541975
0.2593506514541401
0.251515400227007
0.2336411488314685
0.21658798856497607
0.2058710241138786
0.200022153425853
0.19212179276175653
0.18730109224749963
0.18455493629749264
0.1745832259390034
0.1668504897359016
0.16718850877630004
0.16733223396206617
0.17045549565523838
0.16876892450330055
0.16655098480965516
0.17256236304408615
0.183337657978825
0.18611386202095548
0.1951393666890783
0.2120685432730763
0.2249220792915644
0.23116541418361108
0.23319474493989953
0.2315106519293646
0.22850542961681158
0.22663230112162702
0.22972626334135487
0.24107536095022858
0.24947641037398324
0.2587302748216401
0.25887674902930075
0.25871321878973097
0.2503276307996459
0.24645015543903084
0.25139026420254623
0.2625131452886436
0.2721140792933576
0.2818967523899945
0.2874409280736015
0.2883498143339475
0.2913224943684378
0.2931956167366228
0.28762201908929236
0.2742988809483364
0.26280490848996224
0.25025070494691765
0.2424957538652758
0.23365165569118104
0.22492304827716572
0.2152824746048679
0.19953236382787082
0.18524733413821762
0.17323865106420977
0.16067106663882483
0.16015868438244663
0.16111631785287173
0.15689775437191192
0.1539932735842203
0.16059504421404544
0.16833226309407245
0.17541362776469946
0.1777962162978854
0.18258535636400958
0.18284325562013598
0.18462978961494586
0.18253500312815318
0.18244053437696883
0.1847781952256158
0.1803700309790503
0.17671553310848853
0.17560155020469023
0.16901620944109036
0.16429045556534122
0.15668642222011359
0.15509799925037182
0.15103089517981336
0.14643210841900514
0.13916473031615695
0.13255927211498597
0.12753594470046478
0.1269845988840685
0.1263782448842935
0.1235476387936538
0.12343874826927898
0.1375378554063951
0.1473735728929498
0.157382710817409
0.16729463182010681
0.1716637760773612
0.17514624709482488
0.17933730974333598
0.17798135098414783
0.17271877795432983
0.17168344868606483
0.1664645048829294
0.1620397047078341
0.1557008377691922
0.14845355849921255
0.14189240415025195
0.14367132898329993
0.1460057375851624
0.14573159102378436
0.14651080419164186
0.14556667737482587
0.1410499024107816
0.14078936049461463
0.14575629531591508
0.14726253712023168
0.14972564562521345
0.14299082568690516
0.13251680585309503
0.11750694800221095
0.10661582211910237
0.10269926406374764
0.101656631377834
0.10486840432489584
0.10671724944536243
0.10576089615432593
0.10490625574749843
0.11030021100440952
0.11307502769747807
0.11757553694109503
0.11966973316356279
0.1264001167067843
0.13128448129508075
0.1366692253786937
0.14158275120389074
0.1398668299126963
0.13683160305259326
0.13669401834454012
0.13873685503672123
0.1447113674193049
0.158836704980989
0.16722055695472507
0.17782747510003488
0.18887036789000483
0.19661254995658659
0.2058327120105061
0.2002440213448709
0.19981198746701695
0.2088495157255144
0.20466458707973298
0.1971567445019069
0.18792672584561929
0.18710468167608435
0.1913124986545954
0.19565933245584505
0.19860104975400117
0.20293408392418216
0.20181319957056873
0.20509766123014456
0.2038624312128993
0.2014662848787073
0.2061785976150018
0.20827423126822814
0.20658498592332963
0.20703076677485444
0.21184269713550136
0.2139349800780776
0.21287520176997476
0.21139050248988575
0.20839010431952432
0.20313473706995078
0.19903356885169327
0.19281808821930302
0.18986425261705295
0.1816254774787408
0.17621617060810252
0.16800948457980375
0.16002872066760282
0.16835755884672227
0.17702930375896364
0.18899902652287304
0.21250892234803043
0.2345591547018891
0.23749113865849175
0.23082701245430015
0.22543003262829245
0.21222624008709237
0.2017594204968567
0.18639201370127703
0.17934865000548217
0.1731447105026424
0.16879485445633047
0.1628276394669268
0.1571985142456183
0.152810936046452
0.14658236170530917
0.14325867226973388
0.14290520026534173
0.1390090031398645
0.14240302039843186
0.14844298121628907
