9.163418233742606
4.280741135610751
3.2541187322567264
6.189135294143512
6.959870411615952
5.956322926496644
4.008535304200759
2.135632846731261
1.4935941802550594
2.6001628584619163
3.2491846786527656
3.24966173454361
2.8177789458639926
2.0018423819561817
1.0496509994836127
0.7043886857543815
1.3568670976847983
1.915120703315019
2.168337238938536
2.0373193637046145
1.8895152784865334
1.6396074876176805
1.2721655919613493
1.1597024748184166
1.3190649034481827
1.7419049815896952
1.8476885025753789
1.762462079624418
1.4863175069719081
1.143360160309837
0.8889345628356218
0.721847526474333
1.1003121055594278
1.514983107439173
1.7478859187962117
1.6798739863297063
1.504789478039125
1.262738637719381
0.9755379605333043
1.0019064426819815
1.1642560267368887
1.317257934505488
1.2723525621873126
0.9174633519265729
0.7386812271427571
0.8976592143144679
0.9844355700014034
1.2232349652663383
1.3148052693904688
1.168729464047347
1.2471371632600645
1.2110996115595425
1.2022062392906907
1.0291277689174179
0.937539116579657
0.9727253647423267
1.020082494385348
1.0649223952018987
1.1415384560947721
1.177768548395954
1.291739806023312
1.2930909956963088
1.2197204857592387
0.9778352445418682
0.9252307985453331
1.0883443628478984
1.2872460369172944
1.4095017602286606
1.3124836945255365
1.066494862818539
0.9495262957742753
0.6828143287937873
0.5623339771777018
0.7058974826355792
0.854824383771847
0.8997062851827874
0.8685650580669065
0.8933921441174826
1.069366060663403
1.1274688236906292
0.901915814475878
0.7478203842846725
0.7183997847568601
0.7940395771214324
1.0911727578466988
1.1974186814258851
1.2370049774994742
1.052892255375443
0.9105643763007275
0.8342161470398095
0.9372208557395363
1.2032532858987766
1.361644282949478
1.2579699082112095
1.0848542468014908
0.8469511891176941
0.761120153999607
0.7668428617879886
0.7900067132597073
0.8434896531256166
0.8159202995699977
0.6388138150850666
0.569238866215651
0.6046899506158885
0.6026986398927563
0.6337571091657882
0.7056680256819308
0.7238537485744677
0.7105480104908534
0.735444461011807
0.7800071613305405
0.7764029675617727
0.7311094649589688
0.658876697504093
0.589352945271286
0.5314777523801165
0.563215258173191
0.5704802110405939
0.5692471155929406
0.5678083832508529
0.6481119644602107
0.6978490824148593
0.6640573239406016
0.7104271516589148
0.7864000455501976
0.7656055450986284
0.7381814204970433
0.6914559953206773
0.6800058700821616
0.5875289903719093
0.5542420042714444
0.4942575713388119
0.41921153901963554
0.3905210254264932
0.41158437578503143
0.4194905815818491
0.4113377140923477
0.38857380614567044
0.36827469394045936
0.310488275096156
0.2489493127735184
0.2924369018434782
0.37662357204998403
0.42701348479684936
0.462275539503881
0.4856181311995114
0.47338217980320796
0.4201342381344327
0.35180962190119003
0.30158685484560854
0.2469564283311715
0.22459844023212977
0.23030262194990217
0.2907544215387658
0.3505929650939237
0.40286599558228947
0.45631627001495934
0.4986841211078364
0.5157266319220617
0.511289883532357
0.48329290830910054
0.4566632538313066
0.41944239591190075
0.367284397553463
0.3221965346289635
0.29597062981059097
0.2550772278382442
0.2403563582917071
0.26329912636133906
0.3077153294184886
0.3501866197367327
0.37014937026735345
0.3591879819386994
0.3397548901999961
0.38315758601241157
0.4274283420477836
0.444493000101208
0.4697716938668832
0.5281229014193842
0.5682273634380853
0.5838559082739546
0.5630434802713943
0.4960432712414346
0.437957312747078
0.3460452737437376
0.27350590447021383
0.24139156490191507
0.20686615787266294
0.2018370273289231
0.21553955335881533
0.2163241872186458
0.20429422036496872
0.20001750929068285
0.1760711082326461
0.19216710869051995
0.23493575484952497
0.26291755038166764
0.27911105998065494
0.30095717048674847
0.33017702711384134
0.33819268993082596
0.34268683649978604
0.33153233576482094
0.3055612459045534
0.27393157038840776
0.24837261636596208
0.2293986459142273
0.2175505266736904
0.1984675421291734
0.18281853713523954
0.19813138043338602
0.2413610516922289
0.2808228760982574
0.3141669383314473
0.33158945739020695
0.329520263194143
0.31484762081461615
0.30155094612305916
0.2767655467420344
0.2622284921596108
0.24490726711826588
0.2253211469477271
0.2125512472322029
0.20522404913856548
0.19581267698120336
0.17645415198912315
0.162043699685537
0.17632583265905086
0.19776696331482116
0.21874879324207513
0.23408119322062532
0.24105997256207606
0.259874291923068
0.2777414771730548
0.3044184502633638
0.33424290674144375
0.36284175254187057
0.38534118653934535
0.41284374238999316
0.4375398832872771
0.44674042760828714
0.45312812617413695
0.448003701934027
0.44390046438691616
0.44069538566845473
0.42207903691487475
0.41814214218597395
0.40674577698148817
0.39286033561868006
0.3657702021021163
0.33235713674238665
0.30376373626621095
0.28374473144105317
0.2872032989453434
0.30543471616789936
0.32018748102235833
0.32204348552316503
0.32036216873939677
0.30450607306814076
0.2857517196336222
0.2678766826150614
0.25140892070492077
0.2200919448136289
0.19608043877406356
0.17195569014206244
0.15856565957620206
0.16393321976562755
0.17257470242039077
0.19233285387149943
0.21807050903182512
0.25673901810434285
0.2908416171562085
0.31043567429541347
0.3189546479047389
0.32394001747887763
0.33253576354845255
0.3517752009396557
0.35912551254257746
0.3453427711509485
0.3294550753489845
0.30775462506063983
0.2832958327172894
0.25321871896054565
0.22576192584979327
0.19892710487702372
0.18660530717025905
0.1724108721535836
0.1551106598436385
0.15126525835631985
0.15973980836663473
0.17035023331194743
0.18292445513583702
0.19287832533075375
0.20171135124611397
0.20550380421614428
0.2154782108769902
0.22294861411332487
0.2266100323304621
0.23980550654387853
0.2427450312212967
0.24697140689389321
0.24711573681948681
0.24680928822553982
0.24878084315321067
0.25144057604697867
0.25875449497516795
0.260905096843354
0.2570859747779578
0.25079702414429317
0.24242465507496985
0.2396093203660545
0.23386825409230835
0.23039752541978326
0.22743882764568918
0.22234030085941273
0.2200273108778147
0.21953415578608715
0.2111687266001411
0.20731078814078213
0.1996837558164211
0.19376577469236758
0.19553514626545146
0.19149862505104068
0.19245528416075838
0.1927118406967385
0.20381346425108357
0.2104909755942024
0.2186582288250414
0.2230970303809971
0.21899060950341873
0.2168836257885753
0.2173556267183656
0.21662293604456254
0.21875556196716053
0.220397852671902
0.21618508843330664
0.2209442151186862
0.24022081514837546
0.25784326533012536
0.2753695604128078
0.2971561249528854
0.31732610443465603
0.33042402745685145
0.3441302397158665
0.3409033739089568
0.33673998243715286
0.33506814248120415
0.33395986416819096
0.3248098301479874
0.3210912819849242
0.3206495997978311
0.3208113463597063
0.31075349252506335
0.2998087810440994
0.28694655207468134
0.2740893470584799
0.2615516347448661
0.2509897558191004
0.23587483718829716
0.21602433862737858
0.20008835763832844
0.19337672397208472
0.1947022033381502
0.19384680150249187
0.20207913786023732
0.21249018252840432
0.22792569454681685
0.24310956361569197
0.2541176745849813
0.25407297814185664
0.235148397402479
0.2255746068011929
0.21953337622171049
0.21182561164303956
0.20854110623693545
0.20644340917057946
0.2006533984296813
0.20039064619221023
0.19912439353571423
0.19473656744783974
0.18955104277345713
0.18068742225749776
0.17261637964777593
0.1714043344454133
0.16953469220054856
0.16558726578080923
0.16195317960536113
0.1652700935767729
0.1693153642211187
0.17408738647579053
0.17685490701847817
0.18532961922028943
0.18268189253013664
0.18467653834193423
0.187631287221316
0.19207940125733838
0.19621593123604797
0.1960672617542734
0.19556877174235265
0.1975370486009807
0.20919267767985927
0.2282704798453445
0.24520462665635412
0.25479152609747185
0.2549899278008212
0.2495308814755174
0.2533990652661606
0.24761901064476835
0.24362359735943856
0.24351409054652565
0.2455540471978243
0.24273703155341597
0.23148847156956953
0.21920140025464568
0.21048792421792922
0.20484256740656367
0.19478409319146658
0.1862101846555554
0.17333991382522718
0.1618477891481251
0.16076848102272104
0.15510918984222252
0.1513623247813244
0.14883954306944794
0.14668270277855194
0.14515262217050398
0.15019415253408258
0.15991035457995656
0.17399909783207546
0.18737640159765415
0.19574697005614528
0.20406684612822693
0.21108268477252565
0.21038217629438843
0.20860499781156402
0.19848446155571262
0.18864460673813924
0.18180966604690535
0.17683493163284408
0.17710483097180016
0.17849827796419626
0.1797546481618889
0.1842361791766217
0.1730681552401774
0.16187732315640135
0.15278241454660146
0.1489064754969483
0.1513613225446332
0.15782285857638087
0.16262111564891552
0.17016707984629623
0.1799956734810301
0.18279595318886516
0.18136403269077758
0.17904892288539884
0.17824227646229365
0.18415899034760413
0.1873976915975329
0.18269663640889056
0.17919304123687385
0.1754487605021336
0.17009934198244897
0.16888364735024486
0.17267012733459672
0.17274073979897336
0.17797674762521612
0.185279362543709
0.1888467067537256
0.18902465750815176
0.18624985881702816
0.18044595005265665
0.1736275635199859
0.16383809664654075
0.15877773376916526
0.1538266905298374
0.1479131762494486
0.14394148745829607
0.14523313358562803
0.15105867288925928
0.16073695430415585
0.1762068052407202
0.18726837902242088
0.19412727427790819
0.1975695973415987
0.19972548619521668
0.20254807053654267
0.2060953971865378
0.20883610061648689
0.20581571359476317
0.20689258377710115
0.20464033028227374
0.20022430211877307
0.19130709829481568
0.182156234314732
0.16915504739396864
0.15485095510490743
0.13725341677827274
0.12473141846928226
0.11981018632028975
0.12400224850551102
