8.659594535827637
16.091894149780273
8.56084156036377
6.808268070220947
10.210234642028809
9.393624305725098
8.130284309387207
6.222109317779541
5.596107006072998
6.623840808868408
6.329295635223389
7.5010552406311035
7.062280654907227
6.431045055389404
5.405627250671387
5.8516387939453125
6.151304244995117
6.08207893371582
6.085991859436035
6.283112049102783
6.239353656768799
5.5678300857543945
5.875720500946045
5.6369171142578125
6.128645420074463
5.340098857879639
6.099135398864746
5.9302849769592285
5.230169296264648
5.234181880950928
6.039661407470703
5.435155391693115
5.399378299713135
5.677502155303955
5.2650532722473145
5.470834732055664
5.192917823791504
5.161984920501709
5.109488487243652
5.008688449859619
4.754676818847656
4.8744096755981445
5.174471378326416
5.473811626434326
4.622647762298584
4.876818656921387
5.5815510749816895
5.171133995056152
4.951962471008301
5.002614974975586
5.298416614532471
4.7076497077941895
4.901623249053955
5.217081069946289
5.153255462646484
4.565019607543945
5.275722980499268
5.101921558380127
4.535647392272949
4.538918495178223
4.870847702026367
4.664153099060059
4.9738264083862305
4.654332160949707
5.092772960662842
4.585643768310547
4.593547344207764
4.513113021850586
4.685186862945557
4.605862140655518
4.483068466186523
4.870678424835205
4.210596561431885
4.261880874633789
4.557108402252197
4.549567222595215
4.188906669616699
4.501691818237305
4.696057319641113
4.542375087738037
4.236037254333496
4.44424295425415
4.367210865020752
4.22921895980835
4.4254469871521
4.410349369049072
4.282359600067139
4.132378578186035
3.86734938621521
4.486984729766846
4.100470542907715
4.179866313934326
4.316625118255615
4.178994655609131
4.071748733520508
4.228774070739746
4.495831489562988
4.158425807952881
4.5604424476623535
3.7039637565612793
4.111354827880859
4.272212505340576
4.7758941650390625
4.203085899353027
3.830235481262207
3.9829070568084717
4.15532922744751
3.764514446258545
4.193824291229248
4.406367778778076
4.205472469329834
3.794572114944458
4.02082633972168
4.261745929718018
3.988194465637207
3.899977922439575
4.279431343078613
4.017053127288818
4.298147678375244
3.888580322265625
3.7869505882263184
3.99289870262146
4.411397457122803
4.209390640258789
3.736614942550659
3.888252019882202
3.8666505813598633
3.8977599143981934
4.21302604675293
3.8618149757385254
3.985368490219116
4.030118465423584
4.0147905349731445
4.3520965576171875
4.025428295135498
3.9221746921539307
3.7755014896392822
3.8315367698669434
4.130250930786133
3.9551939964294434
4.182096004486084
3.9900386333465576
4.452289581298828
3.5415666103363037
4.406858444213867
4.063721656799316
4.275030136108398
3.8769564628601074
4.087451457977295
3.7526509761810303
4.198747634887695
3.9408555030822754
4.005383014678955
3.9887754917144775
4.252783298492432
4.065347194671631
4.068872928619385
4.191378116607666
4.191389560699463
4.060500621795654
4.040740966796875
4.188187122344971
3.8086161613464355
3.864013195037842
3.780858278274536
4.083255290985107
3.7247273921966553
3.5855014324188232
4.046969413757324
3.7231788635253906
3.787437677383423
4.1365251541137695
4.140013217926025
4.100101470947266
4.035024642944336
3.814026355743408
3.7508609294891357
3.9504647254943848
3.7761034965515137
3.8317062854766846
4.17978048324585
3.8849217891693115
3.951610803604126
3.8379902839660645
3.585728168487549
3.701777935028076
3.8697168827056885
4.0580644607543945
4.014859676361084
3.74072265625
4.157769680023193
3.5610876083374023
3.8404290676116943
4.198555946350098
3.99863338470459
3.7681491374969482
3.6025705337524414
4.074493885040283
3.8732259273529053
3.2912728786468506
4.213857650756836
3.694038152694702
3.704700231552124
3.8759684562683105
4.059786319732666
3.9013664722442627
4.16247034072876
3.8312861919403076
3.59352445602417
4.037189960479736
4.070611953735352
3.2937943935394287
3.980440139770508
3.7679996490478516
3.8635528087615967
3.616525650024414
4.058958053588867
3.8186252117156982
4.102170944213867
3.522428512573242
3.7959792613983154
4.3314971923828125
3.7385971546173096
4.059533596038818
4.112990856170654
3.816622734069824
4.230999946594238
4.007274627685547
3.970602035522461
3.8069591522216797
3.8429946899414062
3.6295104026794434
3.8983569145202637
3.6247506141662598
4.034738063812256
4.21839714050293
3.974691867828369
3.757965564727783
4.033596515655518
3.5249929428100586
3.8539905548095703
3.563608407974243
3.6926190853118896
3.727051258087158
3.810699462890625
3.936284303665161
4.238448143005371
3.987502336502075
3.818557024002075
3.6101906299591064
3.814598560333252
3.9396755695343018
3.5146119594573975
3.5957300662994385
3.925288200378418
3.9406511783599854
4.00474739074707
4.0865559577941895
3.9106359481811523
3.9352712631225586
3.734023094177246
3.8138198852539062
3.7982466220855713
4.062146186828613
3.8496010303497314
3.8361265659332275
3.5264322757720947
3.867673873901367
3.8180453777313232
4.202382564544678
4.200840950012207
3.6124484539031982
4.01236629486084
3.9143333435058594
3.7953007221221924
3.7073259353637695
4.252566337585449
3.87654447555542
3.742459297180176
4.080141544342041
3.5524845123291016
3.6644225120544434
3.351158857345581
3.5877914428710938
3.5714633464813232
3.6771702766418457
4.281423568725586
3.8799338340759277
3.8432328701019287
3.6896374225616455
3.8057172298431396
3.9792959690093994
3.751960515975952
3.7784430980682373
4.069082736968994
3.7690231800079346
3.7259838581085205
4.031734466552734
4.20320463180542
3.376178741455078
4.188840389251709
3.5846848487854004
4.146122455596924
3.4613990783691406
3.7719287872314453
4.121649742126465
3.761091709136963
3.694249153137207
3.991875171661377
3.8566813468933105
3.8674933910369873
3.701036214828491
4.038170337677002
4.027693748474121
3.7495222091674805
4.151282787322998
3.5308074951171875
3.561903238296509
4.000179290771484
3.678866147994995
3.7318572998046875
3.9705464839935303
3.770503520965576
3.716008186340332
3.696094274520874
3.536736249923706
3.688509225845337
3.7713327407836914
3.742267370223999
4.012696266174316
3.6730315685272217
3.563427448272705
3.845074415206909
4.040587425231934
3.872126340866089
4.094939231872559
3.6195573806762695
3.7626333236694336
3.4028077125549316
3.6310243606567383
3.9138340950012207
4.060928821563721
3.7097301483154297
3.864845037460327
3.960538864135742
3.803938150405884
3.5734028816223145
4.09218168258667
3.621549606323242
3.8065695762634277
3.7812037467956543
3.622049331665039
3.8980345726013184
3.844226360321045
3.8578855991363525
3.3197829723358154
4.163334369659424
3.827340841293335
4.06845235824585
3.907994508743286
4.026337623596191
4.115635871887207
3.724234104156494
3.7923920154571533
4.123883247375488
3.5802347660064697
4.02100133895874
3.8659348487854004
3.9081714153289795
3.9147629737854004
3.7853972911834717
3.634594202041626
4.101811408996582
3.5458340644836426
3.6897852420806885
3.8600363731384277
4.0472235679626465
3.665226936340332
3.794663667678833
3.7779860496520996
3.457916259765625
3.90812087059021
3.6529691219329834
3.5619401931762695
3.6814002990722656
4.0220417976379395
4.1017680168151855
4.003688335418701
3.8234598636627197
3.6712045669555664
4.163703441619873
4.303898334503174
3.6222712993621826
3.70973539352417
4.051322937011719
4.204101085662842
3.534480333328247
3.4580328464508057
4.043405532836914
3.8709726333618164
3.6344478130340576
3.908121347427368
4.061990737915039
3.9433155059814453
4.256092548370361
3.456272840499878
3.658907175064087
3.5680012702941895
4.088824272155762
3.8014638423919678
4.0301008224487305
3.960798740386963
4.064200401306152
4.0914411544799805
3.8701417446136475
3.752977132797241
4.311951637268066
3.8089709281921387
3.963057279586792
3.7291553020477295
3.729180335998535
4.161414623260498
3.8876726627349854
3.843841314315796
3.472133159637451
3.702909231185913
3.9808595180511475
4.17613410949707
3.756920099258423
3.827897787094116
4.071147918701172
3.8614754676818848
3.433152198791504
3.791731834411621
3.941272258758545
3.715979814529419
3.900320291519165
3.4810280799865723
3.634974956512451
3.8228538036346436
4.290928840637207
4.000792026519775
4.015920639038086
4.060298442840576
3.4547972679138184
4.106563568115234
4.032522678375244
3.8829214572906494
3.9108293056488037
3.965217351913452
3.8143131732940674
3.6820037364959717
3.601318359375
3.9286890029907227
4.257052421569824
3.825277328491211
4.263457775115967
4.101027965545654
3.8282687664031982
3.833793878555298
3.7143373489379883
4.195306777954102
3.9188883304595947
3.8884921073913574
3.9432473182678223
4.097097873687744
3.764965534210205
3.5810647010803223
3.9193012714385986
4.20085334777832
3.720792293548584
4.281711101531982
3.5603861808776855
4.160451889038086
3.9333958625793457
4.083643436431885
4.308414936065674
4.139670372009277
3.74006986618042
4.276114463806152
3.9696788787841797
4.0660719871521
3.955721378326416
3.8239126205444336
3.8050119876861572
4.109713554382324
4.094296932220459
3.917581558227539
3.862299680709839
3.993131637573242
4.162742614746094
4.078072547912598
4.0971269607543945
3.937095880508423
4.347292900085449
3.8597819805145264
3.6990771293640137
4.0627593994140625
3.4023866653442383
4.276185989379883
