5.298617856595123
4.129068272785076
3.9780340298865604
3.920087646512152
3.884337552542825
3.847951970054108
3.829899484671435
3.8071314698284113
3.804794683039767
3.7752152143172846
3.761412406430661
3.7508684581923255
3.735587140888844
3.743319035155102
3.729344765538151
3.7219732345886603
3.717004630172137
3.707428933925999
3.7117630781479254
3.706281984894021
3.7029010624561494
3.7020579917916976
3.699816702639015
3.7067093091103636
3.6842194772461085
3.6930813922465426
3.7048398591939686
3.691300198291112
3.698048931881062
3.6987850376703206
3.693165664533967
3.7147225731784856
3.699003205716031
3.6962583863619463
3.699539591965166
3.7307561971608876
3.7127066208320914
3.717191366894731
3.71689848298008
3.7122033261558385
3.7045070818327006
3.683419117649782
3.6721544161583615
3.6580022249406983
3.6245336920312305
3.6111237707647303
3.5874910140500487
3.5709172018523354
3.5465271351406877
3.5359033635519084
3.530802310091778
3.509875187017385
3.4946573075738927
3.484916757032709
3.4761741259723036
3.459712249561421
3.4401630961779253
3.433031858171074
3.458505547741084
3.4330962988936786
3.4325305998904034
3.4108498952921154
3.4012610773438388
3.390767431953578
3.3769288277163088
3.351653576475903
3.331526346577024
3.3127467423966785
3.3120100382462287
3.305492693359412
3.269767696417651
3.252865559267766
3.2188774335731583
3.2222327838823634
3.1816390828021524
3.196891495903719
3.1473481863447765
3.1428515506022183
3.134241326341351
3.1280527560456286
3.139216029528275
3.097344859132489
3.1003941974593596
3.099116220636275
3.069534273402205
3.055050288589255
3.0653821970652606
3.0127807791950634
3.0033438975371203
3.005839818889655
3.0135086664875734
3.008611941221848
2.9904732032886985
2.974884500781309
2.9662746208385355
2.965818184093364
2.9484488668951014
2.9626545269512436
2.9226621250504428
2.948255491488188
