0.74854743110393
0.8074776494431353
0.7851810702580011
0.8008142627312808
0.6869486155873071
0.46896146802242866
0.4720662215310252
0.4490717009814803
0.41504264934985097
0.44215957369498593
0.34628553530257306
0.36870469830795854
0.2707184620037346
0.3211356701258428
0.3178366049377617
0.31244625476653687
0.2730708981085875
0.24099798025731334
0.3095189462563318
0.2625261309868348
0.2986550957621458
0.2512644015118211
0.2882491936664543
0.207858629659087
0.20591311846562999
0.18538094477686948
0.2460973263384106
0.254616916836622
0.1981763108101541
0.2628857491608851
0.22023051167896132
0.21924691257591478
0.20898135334910276
0.23448401217709083
0.26671322123082225
0.17839285411791717
0.1991107691982705
0.27275508624279426
0.3052222854149843
0.30026164806199696
0.24905693169705614
0.2836877771154912
0.2506595732334382
0.2836517032258257
0.2598601721212238
0.24025357981960854
0.316053496692367
0.24506013749357694
0.2165154324683971
0.27477389968229915
0.22015394091247795
0.27690647832138504
0.2804407829153753
0.266634164867038
0.2841522280940551
0.20928289569570926
0.2536426145949201
0.24129369320396432
0.2517466953020535
0.2773690119176685
0.25921606408331344
0.24062008340516405
0.2514722724118548
0.20908489787506915
0.24798158375557536
0.23902336473694305
0.2635576738742645
0.2719269640937836
0.2752917683674004
0.22084427754840774
0.2697669166720702
0.2721627389261861
0.2627441175356657
0.23759220050785967
0.22221244575982102
0.2602013087941554
0.26438767560020476
0.26447258713489064
0.2844761789800648
0.252878599570605
0.20564783222689656
0.2206154902557094
0.27367465111440076
0.2683632512966951
0.22972631242447245
0.2663850181088419
0.3063069377729076
0.2567617268504982
0.22048249960184574
0.2450936090850639
0.2064750823145639
0.20439683746001525
0.2799358315959961
0.21231876483900036
0.26658922804142526
0.23370372708550913
0.24352141808651254
0.23236813191660421
0.2520079007726872
0.22994252636222418
0.2064807357972036
0.25085614532053113
0.24007712209033583
0.26731762528897285
0.2748276737027751
0.23506321126449561
0.2259616012384514
0.22930914205396344
0.18057921406381833
0.2121433032180121
0.25450688499009205
0.24646917505111388
0.23028986448634842
0.24925995574804968
0.22329119701901515
0.25913071369599244
0.28140010963938755
0.22006019675182198
0.24095434980664798
0.21837550365853167
0.26520923622146636
0.21128498743435664
0.2624750718444526
0.2368430457337347
0.20623498814617225
0.3013416716235434
0.19124381859340744
0.2503951201159395
0.22776086706078363
0.2531137040597881
0.25803660928366895
0.23607054493111934
0.24308809987409322
0.22013043966106996
0.24468934715152504
0.2538244574963449
0.2560637265682698
0.24647469794702434
0.2824807597663933
0.19805677157485174
0.2579850227178218
0.25529787643161234
0.2537580836034251
0.273932582988051
0.2647716159930449
0.23202314229312546
0.2562821831158502
0.25195765450507224
0.2786199176956513
0.24353369037230652
0.2282023457940929
0.25916564076362486
0.2429501977497208
0.27092288037340245
0.25699001694012263
0.23792211433689675
0.22700233112475676
0.22921500401291436
0.2147508399460263
0.26530825130208463
0.24987199138066096
0.2524170516010277
0.2370718994993485
0.3023336765044677
0.27239604613823976
0.2597069696696822
0.2535090842442904
0.2887405281912588
0.2639055810495464
0.2747374881723362
0.2764825720586375
0.26774237133219153
0.2801618366418238
0.27252899632903044
0.2874664841051809
0.23859545516824435
0.2779009118228255
0.29316124881436684
0.2727886055538315
0.3088872012251126
0.29343614024007486
0.3015849521021566
0.2640533139686546
0.2626451675543088
0.31233254678263694
0.30691240444212015
0.2934058702183152
0.2931445454786679
0.33083552080309225
0.2872516322350932
0.2985946256555393
0.3104463702810551
0.3010768432297066
0.30411097562623646
0.29272251741919586
0.31151254699082076
0.34327392265170753
0.29398490360122403
0.29436706254381934
0.2849569558977842
0.2596537632072617
0.26663801599600034
0.27565307362762864
0.27626494761698234
0.3057158431691493
0.31802494098284917
0.32875424241255186
0.3228841672440569
0.3390091428895274
0.30222351021900445
0.29542412923906514
0.29494030752736244
0.2975979186370521
0.3047996767776046
0.28072560472574404
0.30788654435373736
0.3215850299608731
0.33403595129330316
0.28154059760795086
0.33314306493512613
0.32435805053414707
0.3434328890754608
0.3174413495168896
0.3277491402769375
0.3292723313601079
0.3101219049914328
0.34972379531315667
0.3240115409026404
0.2559438720494807
0.32482874076925444
0.3443545008709053
0.34990378933583566
0.34497803121148224
0.3135963586982123
0.33921489740660293
0.33266322413283983
0.317511301659391
0.3527451066789264
0.3226253837645651
0.30345257471701903
0.3245377775304064
0.32280668042943567
0.34541719327708764
0.3138752262554092
0.3847557175493909
0.3229452598548843
0.310442129332938
0.3450522442499478
0.3328096917373145
0.32507787474649463
0.3100440539195686
0.2993250281992322
0.3408769465878397
0.3188523287046887
0.31497345401911075
0.33636353303769784
0.3765499881489243
0.3148501803258617
0.32108068979813725
0.3537388851862393
0.35109012273843876
0.30773042002039586
0.3485341918970158
0.3270975685191298
0.32799624118632925
0.3879390612752261
0.37912149216703517
0.31904943200772656
0.30166468137729624
0.35160098990839805
0.3478076626996478
0.3647234681135189
0.3130785180237107
0.3735446170838419
0.35347692319052015
0.34251433121178576
0.32701645866185725
0.3276530306539937
0.3489619922900725
0.3385889766092052
0.3937019613797297
0.3635376475617021
0.3149855071174836
0.3489284545242906
0.3491429160377067
0.3877387093995998
0.3566581073528779
0.36684408461402557
0.34814829010523873
0.3629725309674869
0.33983379196308416
0.3703830185419094
0.38900077199649236
0.37712544274473475
0.3716136994127759
0.3277217150331738
0.3656651236131817
0.37143749530186393
0.37483423589943404
0.3619116417511193
