4.8572749019593235
3.8599247269390164
3.8078814213590104
3.7915975118792336
3.7725710411404454
3.766090216331704
3.7481894333695256
3.7402724780777628
3.7069829471351565
3.696566625389942
3.681174777505934
3.678713831790658
3.6610807233540585
3.641885065524153
3.633494344330573
3.626204932151839
3.6012677959231443
3.584166324415872
3.5858384019644687
3.572632678026377
3.552856748187265
3.5435940683350085
3.5411665146203006
3.5396854165912597
3.513552261184352
3.511462958053101
3.510083845419477
3.493562263804813
3.4963155735370726
3.4887276730796164
3.472373037375221
3.4666075251361197
3.4671232328396435
3.451094553221104
3.450503574092259
3.4487627885600394
3.439761463754861
3.441392786512079
3.432001921788667
3.4318478405475616
3.418927542460981
3.418408348809841
3.4155325399812804
3.4091757935609004
3.4092432334441547
3.4098939188691073
3.4056351663068285
3.416468333828357
3.4059285962766457
3.405508506436681
3.394074875254964
3.380082197198572
3.395474521457687
3.3896487098793653
3.385193245586499
3.389333713424298
3.3851491762686146
3.3865070920581966
3.3890881177990937
3.3872107387513153
3.3795764982238294
3.381998671117679
3.3780031682446947
3.3770288801932518
3.379886508912079
3.374690450670183
3.373402163039806
3.375553404869035
3.3713126152522803
3.371825892795888
3.374577285707459
3.3690595807031145
3.3756595859231875
3.3681147500526074
3.368683466384577
3.3689561823541805
3.367026381252348
3.3665349901646606
3.364221318054569
3.3676120722016623
3.3658849793349126
3.3639692416948868
3.3671851282896
3.3668415484040284
3.3584781346857087
3.362470420987107
3.362934880940489
3.3636636533016384
3.366296119237131
3.359499430933664
3.3649047777172205
3.365044661270556
3.3636024497276127
3.3618528852167056
3.3621652974176777
3.3563074564286905
3.363447742406712
3.355965234974558
3.3516579598419427
3.360984425674113
3.3606542510579724
3.362518766129664
3.359355161125346
3.3551938965801122
3.3565443631752516
3.359951191170271
3.3558576781620353
3.354425155839255
3.3567877072234484
3.3577415280101834
3.3564277570839076
3.3498021532860838
3.360644965439804
3.3552776295547337
3.359472321678502
3.3561501842598584
3.355743026433065
3.356259379738061
3.3575383184492127
3.3567563281502832
3.3560488974863243
3.3509924598904544
3.3551402983739393
3.355220175528711
3.354743251504824
3.353399637133576
3.3548739631046622
3.3570827640766323
3.352361337852108
3.3504795360472777
3.3486640356307804
3.3564091558142226
3.354039902141852
3.348827929459801
3.3489058944143992
3.3518975573454717
3.3489734003710194
3.3530498301798057
3.354624246211015
3.3505568023799928
3.3492713120094564
3.3496669999850814
3.350293976160907
3.3497715188089265
3.3477732086366463
3.349999355484349
3.347185239773388
3.3503116165944773
3.351702938015147
3.349133250556251
3.3525407189546628
3.3546740112378615
3.3518566285917
3.3515514063742735
3.351449801247249
3.3495528485423836
3.353475893883742
3.3467918759168582
3.3543165233708168
3.3485442931337874
3.3511667584264
3.3500168182591135
3.348682706208192
3.349672884673111
3.3509674769963405
3.351694801750109
3.343768521103748
3.3499122206554857
3.3514148914074715
3.3467281608618507
3.3488030988116595
3.348480919534846
3.352279410112736
3.3462622475254444
3.3483510613441467
3.3452849392743076
3.3476374916328018
3.3426121466381606
3.351784266473711
3.3489295810230018
3.3467362303604453
3.343033163353454
3.3484113798585047
3.345761690259904
3.3457255042338554
3.345266379820284
3.348564085803291
3.3480951344782066
3.3428213198979697
3.348525327305461
3.3450647650300995
3.34595681184022
3.3452490025250485
3.3458998101626256
3.350023720384568
3.3458777451237967
3.3500496363917063
3.345657395300015
3.345846504435059
3.3452835949354394
3.3461203494275265
3.3473156789938607
3.3484384556149327
3.3421412205049235
3.345793109993602
3.34415841980498
3.343916975019514
3.344260316024455
3.3459985092166784
3.345046048016511
3.3416879098544747
3.34504487417465
3.3452863531519275
3.343620091445686
3.3397045807782995
3.343627301528472
3.346179282480432
3.343545043653296
3.343261429505755
3.3410807134107103
3.340275536211886
3.3403923985107924
3.346600172593612
3.3463533543801125
3.3440936478071435
3.3406762492287068
3.340331334476323
3.340618745994198
3.344836402540059
3.342037243436473
3.3431769549384596
3.3425780081933785
3.3417947749758876
3.3418893929599793
3.343719778134841
3.3429632075997286
3.3434573157813197
3.3412402140539745
3.3438608662564624
3.3413508943347043
3.34224689029908
3.344758226658947
3.3423434890979946
3.3441963794157488
3.3401140099348026
3.3428372532822364
3.341149441493574
3.341480950052424
3.3416927542335304
3.3444234241348827
3.341243820597035
3.339109386122504
3.3449013367179754
3.3397001834340796
3.341082007154938
3.3437116936195728
3.341475151074949
3.3412636978219648
3.33747977688331
3.344980251188426
3.3387785754924595
3.34411259838777
3.3393198270206303
3.341497256774311
3.342382715885029
3.3404006992661675
3.3420802703661514
3.3418970976689066
3.3402868576290072
3.341871525428092
3.3395547210708143
3.338954828506292
3.3400715617246406
3.3421728636405263
3.3419666463552518
3.338978736668594
3.340028547963431
3.3399504788162173
3.3354451166566954
3.33711399588474
3.337736731582834
3.3389909791854
3.334386387536692
3.3397524638693463
3.3365329485531
3.3389556916185126
3.3348662093166235
3.3366877834002175
3.3430378931437352
3.3376856566399566
3.3376882399699483
3.337504554164502
3.3370015986205996
3.336986109729885
3.3345118079536644
3.335424790317698
3.33441619910011
3.333342338024184
3.3364658944828567
3.338886081710342
