9.360396883284398
6.485899256643399
6.341354343780251
6.2744514128958535
6.208873554255611
6.1567152780155805
6.101107835307602
6.040446201036143
5.96318829105806
5.912548574366311
5.849552179029746
5.812740690024325
5.752755018167718
5.691184803034908
5.622959682183672
5.5697779364364095
5.501113928796709
5.437937797039979
5.410511842993802
5.350235785624777
5.2942641435205475
5.2533611743025075
5.221383806346923
5.154044253650562
5.1030248918736625
5.061863186978554
5.031491181185079
4.969401581573856
4.93881911663122
4.902850188257158
4.845952762882839
4.815486099368842
4.791201742351517
4.741433660189311
4.701694355685581
4.677065735639528
4.6436120049898015
4.62652815427891
4.592791255823402
4.562404746002005
4.525913487340128
4.503599237332972
4.479632464490195
4.45176776596742
4.4350402311299195
4.417001823584239
4.395428061947342
4.394110174142113
4.359073580466499
4.34910436217175
4.324340480011563
4.295115986535715
4.298527463230976
4.280620303726936
4.264657904242361
4.254861965891003
4.24045012186664
4.2366061000398885
4.221527740474819
4.207480766976526
4.190679337165152
4.185208122397578
4.173298458720362
4.162022804567056
4.151102308617082
4.143322359452876
4.1341106826944864
4.1279603607894835
4.116216827963674
4.109324216149574
4.106083770130956
4.091687667277432
4.09739897509878
4.079881193101868
4.083856160557548
4.0752026607361875
4.059936473073885
4.058494407770246
4.054657462031343
4.05201968827913
4.0382171866967695
4.037561461444973
4.034036799456722
4.034604135640832
4.017987481152365
4.01689783639686
4.016702400390492
4.015490269707155
4.015142142310623
3.999693049709926
4.001360934372096
3.9999102550421575
3.9951288305049717
3.9916055616020234
3.990057819573454
3.974833127833152
3.980633427699407
3.9705286714457726
3.9587521918060244
3.970931512671848
3.9715045156867004
3.9661329929218736
3.9594687498355094
3.951318167438803
3.949964544800825
3.954661747743917
3.949269787516705
3.94456006921539
3.9450817584067353
3.9448605627976647
3.9392336976620577
3.9297717017258784
3.93295566864716
3.933700062969858
3.936293897471687
3.930020493592403
3.926200446001319
3.924841057884601
3.923372069532557
3.921053424824116
3.920541897069576
3.9128711413043415
3.913812297490216
3.9118804224701815
3.909423901822216
3.908196110827054
3.90406632307888
3.906628818243973
3.90041031879048
3.8956135414367496
3.894362373407497
3.9028374649757565
3.8960656274196714
3.888974259297053
3.888322663630626
3.891248319962228
3.886067347471104
3.8941065773021344
3.8928543486336404
3.886320237965547
3.886319255181985
3.881176724452381
3.8817856115426204
3.8809870797996373
3.877330156952836
3.8780736183935356
3.876713282609171
3.874985616567523
3.87952989963598
3.8717751833357554
3.875474520893984
3.8766204652398133
3.8739434799482657
3.8710369114265886
3.86697189082471
3.8624477700669635
3.8753683795762615
3.8648872022018876
3.8688529344030127
3.859105969815291
3.8624041246813396
3.8605589972910033
3.855347583691279
3.862637150888295
3.860096332176711
3.86041333670764
3.8491012052048084
3.8554708095946055
3.859014252359553
3.847858393146086
3.854904380879661
3.8536484805188436
3.857132632371991
3.8481847084769907
3.8492536006509797
3.8455044430817744
3.8470533758170844
3.838521412638731
3.849377376857654
3.8453788997591003
3.8412183943644975
3.8365166046360666
3.845649228539578
3.8378168113471927
3.839566962201466
3.836811500233273
3.842456713203312
3.8408260204533273
3.832230088091636
3.8346634883751243
3.830737594717233
3.8329847750737684
3.8374822391558063
3.8350343579469723
3.8344466030135633
3.830818431090939
3.834539672200994
3.830862855033357
3.8295496732227563
3.8279988132705984
3.834345488585243
3.825624860534372
3.8274529613265695
3.8272261596465293
3.8303323669951093
3.8251892159613528
3.8232385056425433
3.824712196754855
3.8271460253600926
3.8269696485164553
3.819177711887877
3.821599745704222
3.8226555350214935
3.821456289337587
3.8140562867471415
3.8175435863261997
3.8239926402420963
3.8196296276048174
3.818660241226817
3.8168679739153664
3.8121166400207107
3.812640931717185
3.819563441498335
3.8167874568192532
3.813647154227708
3.810647002024244
3.806891771481019
3.8103780628636827
3.81649981335152
3.812476152366446
3.8149966301844103
3.8099006786364917
3.8126647629479105
3.8093617713266563
3.8108997645304186
3.8111567996269047
3.811231908872146
3.809497180142144
3.809386184280233
3.8104453881581626
3.805016833451367
3.809452312861302
3.8107949275841086
3.8083768803481908
3.8041115433208703
3.808417885802513
3.809195572553679
3.8036088640837704
3.806439921606419
3.809724072153254
3.8044859690721644
3.7999849612860714
3.8061020628426427
3.799522118050923
3.8025206475294837
3.8047463374082433
3.802774568860845
3.8000883455424344
3.798475660094919
3.80197328236676
3.799752884594969
3.8017845206944516
3.8005724258201066
3.7999457539052
3.802521530509919
3.797678513351337
3.797069207180378
3.8028150311736173
3.7976226864397065
3.798623808825663
3.799941667290621
3.7947697877421858
3.797518273194631
3.7994557792364163
3.7984015761419783
3.7922664961611576
3.7961789667606354
3.7964522401953853
3.789090257975482
3.7918928413428077
3.792946532253147
3.792571553657221
3.7830851625564486
3.7944410886875417
3.7916786499725754
3.7932892157587896
3.7901373528694924
3.791579325993856
3.797847346742024
3.791484838077264
3.787235143803811
3.7904370831426726
3.792351330897605
3.7902611119802607
3.789035992797955
3.7861336575922118
3.7866206866826198
3.7844401521738185
3.7893639394017153
3.79040737577187
