3.5355980369938282
3.0968667688426805
2.827247574863706
2.949441147026136
2.691786316096152
2.8894641612786276
2.9134671793409717
2.712596105969671
2.806053817683631
2.848947399725741
3.060348250379883
3.0479903558515153
3.0888473024798384
3.045553069426286
2.7901941582841694
2.855290344383549
2.9557009371973875
2.909773472537108
2.854143862234959
2.8163461999524535
2.7864320989144433
3.088351599642389
3.0344090976859914
3.221361344879912
2.8668016700551524
3.003609162566303
3.0489818372322675
3.0533968967278873
2.967490883944389
2.943257332945331
3.1024648471192395
2.9365676710038375
3.0942687831383613
3.0440839056150186
3.2194258851276474
3.1229575445067206
3.1215370463929966
3.222328909245494
3.246087331734546
3.2937383286918958
3.300152861024178
3.1927208096214117
3.1439139625195582
3.1628991224992897
3.1290072833564606
3.1495076033359184
3.2336078651259696
3.2698970425803706
3.3293516926100546
3.16640797250566
3.208543560332655
3.3716279074611393
3.421590589346888
3.2958525403874623
3.27089901865763
3.2324679051463745
3.3093830858349964
3.420286945796375
3.218252654729546
3.3485393238352894
3.2765773464554857
3.322197324111612
3.6049518858953054
3.3136737855743603
3.3314623664833136
3.2124512539555057
3.2751967530617008
3.3033327072707945
3.336266851677524
3.416194012567737
3.2663080324733857
3.4718539776255666
3.215103322604917
3.3190580098463323
3.420682088493807
3.313328713466646
3.359147085992082
3.3979700137216047
3.4678576746351206
3.4343606854055646
3.365790186365025
3.4385307310804816
3.407287563040023
3.4339494633334495
3.4221899184662794
3.3665600835700986
3.456106314448459
3.373315008126587
3.356106997907738
3.3828565323347326
3.545039209637069
3.4350072866862016
3.6134888783501853
3.461930010760922
3.4530272802558297
3.553793160639981
3.4212376731252867
3.5309787811467137
3.4634537872936777
3.4034748707177505
