3.9236007050622868
3.5041238102731826
3.348061298418649
3.248500686959375
3.1795684301400486
3.1197159296349635
3.0515791229054896
3.017164823073375
2.9637948845006243
2.939138419718682
2.8947875560084477
2.8662448448470874
2.8223477617094788
2.7872833233845387
2.763587872589691
2.7174612739418125
2.6994593125355393
2.6773515912550914
2.6513506219356873
2.6136884049524234
2.6101843109613734
2.5754375297811967
2.5710029752948618
2.538784627069401
2.5124523512924775
2.500228235389613
2.473758853236331
2.474609929398645
2.449986799457405
2.4379132310046425
2.406929292558115
2.4161719370491896
2.3779926704455026
2.3841240270228328
2.35872449241107
2.3519536911686765
2.3490641274029698
2.344322494011891
2.306141679498214
2.3000464351871344
2.281143231029752
2.2958775514288794
2.275975338114968
2.2301251553281953
2.235320820989488
2.227595562270925
2.2318984535676014
2.2068256182006643
2.202227334432964
2.1869737018512776
2.197076438952096
2.176193540005744
2.183598056020616
2.160514432870889
2.1502609977239295
2.1638506044315386
2.129212571397612
2.138114381440078
2.1319363687611834
2.134910596171512
2.1386685736571684
2.1327704055399836
2.1173131417624558
2.1125712968126127
2.0995528589321086
2.1096910392181782
2.087137082558644
2.075604739672021
2.072927592675897
2.0699298167530493
2.063683912120288
2.059905494013919
2.0552819028685363
2.046896860267543
2.0350119071670725
2.0374352443067334
2.011118583739558
2.0189653453947622
2.0365248855156235
2.028276747993276
2.017820888229563
2.0096082005319715
2.016574200195602
1.9959709665443324
2.0002925368803965
1.9950886994977541
1.9889453015749967
1.9698918430111076
1.9766657439968254
1.9724871086168894
1.9746882366228706
1.9831631337540059
1.9848841606816159
1.9617950267429594
1.9761683409727073
1.9439944635463666
1.9564496698258798
1.9416817266729813
1.9194357862955407
1.943841105774988
