6.919350456286081
5.8703875070885765
5.507978254632105
5.310583731494372
5.1819696728187274
5.114029039310504
5.025556169582319
4.984559347659727
4.938774405853658
4.944062904164761
4.918443276610556
4.9048655920390845
4.8805179535588135
4.892056978201564
4.9006081074099
4.863441062878959
4.870696752282638
4.874726994429962
4.869272585156597
4.859351614457142
4.8649638815771175
4.861600802216349
4.863769637482076
4.852982720845862
4.839437109307398
4.848679156243047
4.852428911909272
4.858373783208147
4.875300972371162
4.851996124847026
4.860392695439013
4.853749822061273
4.843026159986665
4.860476206525972
4.8616643899603735
4.856722787060315
4.874208991135223
4.85469939618171
4.865080907073202
4.843552815159665
4.8659399913836126
4.8798493518105035
4.869036348560188
4.839627285245099
4.860585359983807
4.861275230480146
4.8628337570383575
4.850067048736765
4.86330591636368
4.848512894594217
4.865153137641617
4.850988861277133
4.869758825664279
4.8606645342669905
4.861607834055454
4.866318346578864
4.839704255212712
4.860816423198845
4.876001100902316
4.8780522587933115
4.878330982787699
4.871459732779973
4.869644831403901
4.864721440665329
4.866021277029303
4.861538740954821
4.864299812799768
4.853569468969031
4.85283789815782
4.868727303758452
4.864953105057342
4.86270608660541
4.882092213932472
4.853312189367753
4.875036881845209
4.8697723992263215
4.838752774347233
4.863928278186653
4.870075689388226
4.8727356113965
4.873209626161599
4.862128465386886
4.862157570561276
4.842149220237249
4.869526568545571
4.870307208918318
4.843640562854236
4.844880281520795
4.848718690268601
4.860537513298325
4.862397991252851
4.880093027670172
4.869229064410246
4.8562512385694285
4.864641581909566
4.8683451290372055
4.863775923282286
4.868216023264052
4.847932288012927
4.854889924013162
