0.6323624063350395
0.39224904214213036
0.3770989936912705
0.3286335419915721
0.3069177576320205
0.32929411411046505
0.29686308062387134
0.25074980845432243
0.220985409223245
0.42011978541443007
0.5128324488121904
0.4528659331894112
0.37878506258876626
0.4512523470636838
0.16274161577105284
0.13206437997564763
0.287300856892236
0.1474058750516666
0.38257862696188966
0.28355231003197495
0.14491272477324835
0.3175811176906846
0.5355720383848599
0.2531522174994788
0.36142075581397703
0.29041956929501167
0.1476025745003878
0.2559604623274717
0.18062818083232773
0.24346713303683515
0.4265973234702208
0.37901825501111325
0.19459334472735565
0.32986177596634997
0.2765755556628317
0.6115983731761008
0.44481985273963226
0.2485633928455666
0.7229326739459334
0.49023508040126196
0.644528275381826
0.7187722207071308
0.7082184394877516
0.9994043532258762
1.0895124218745795
0.9204699222692746
1.293747611537964
1.2373966922263104
1.906303864681649
2.1411383261900387
2.240375438290751
1.715409539863915
2.6807304587297307
1.6193796405811347
2.945850233515661
2.921414932650411
1.8213954289594967
2.8087257082333306
2.961213269071254
3.548112349901983
3.737217308763034
2.8236031350726356
2.972163492787577
2.0756375573441117
2.1853402795676957
3.365670421080503
3.2218988304864427
2.81279044160862
3.1448683425754247
3.5234623241997913
3.7626384819198946
3.592667191683171
2.6584707608442746
2.809087580096029
3.2672306079424933
3.0066512944942008
3.0143977420363495
2.975669444682364
2.563339409226167
3.0413640954929266
3.1926074668257414
3.176654223210826
2.0667417658593705
2.9094188055676784
2.791488192124453
2.482022823456055
3.1377700650859213
2.8824121605657145
2.292024639422048
2.7797538018178845
2.654607126373566
3.6688573068989543
3.1675023332626404
2.714977394363923
2.8960343563485003
2.8476704404444875
3.2911199792353565
3.2459483677017427
2.646849961940177
2.7396334667721827
