5.925164983110521
5.044103385175316
4.963427919785953
4.953232311508031
4.929494455022719
4.909412480095058
4.900698425700363
4.8879858799351075
4.887817805253186
4.882493811903648
4.887402657166268
4.856841977360179
4.863360466308964
4.848664053435464
4.842789689314018
4.844203615651547
4.86064484744396
4.864331084547691
4.845080740822172
4.8454090842922914
4.847929646667925
4.83771999484127
4.838436844279465
4.8265747653627855
4.836949707234948
4.850150961320377
4.837136318382708
4.835464123383309
4.826537011896522
4.822719087878477
4.828315605237646
4.835115240615549
4.834100510310201
4.821381391830815
4.813545871706842
4.822391409318424
4.82405094151358
4.800159239074559
4.79235254908071
4.7856366275583655
4.781670162978681
4.76023311175189
4.7601577147696785
4.737886249440388
4.728756136107213
4.737623293422958
4.70242075549746
4.683800014477332
4.680895073899945
4.6559875705867135
4.612315738085404
4.615330166029699
4.581321904381502
4.583324906895462
4.532927438472081
4.5278248815860564
4.4587130569717255
4.4880711893433505
4.460217680167226
4.4271127766775855
4.409998518170663
4.36964889348132
4.414380184076364
4.338030264215562
4.358971932559338
4.331003242326014
4.301312187921654
4.258775520671919
4.2808855129677115
4.23878715223479
4.263731278262092
4.258827445576492
4.23709341160302
4.227478029658493
4.190826986599895
4.1951954069646815
4.209831648659938
4.190456757846388
4.162625441852125
4.129075605313755
4.145475602265701
4.14103843633411
4.127448857987969
4.114423706114871
4.10844543720912
4.093668645446741
4.099094819096686
4.108904001203555
4.107579234734322
4.100283906876462
4.07660272630673
4.05522138632617
4.040568558915147
4.0379429592669585
4.037911184783121
4.039571831527265
4.051191960723655
4.012637168458364
4.022050461144123
4.014414701068286
