4.899229881463858
4.7293030833266245
4.681659069262598
4.593106891824785
4.5643933237643655
4.519215589442882
4.456826522906249
4.447654074300836
4.376030410210018
4.314792450900307
4.290349065844861
4.2345984819154525
4.203851831281603
4.147388411074
4.0714894827052595
4.0325810810448015
3.990304203162817
3.9232163837607144
3.8721403484044035
3.803230755459068
3.7692933007478318
3.7031135890210916
3.6676286047314774
3.619285294503831
3.566874700131375
3.516946202252571
3.4554748336311345
3.4088424919638998
3.3626145288981766
3.339209425618114
3.289871341795578
3.277160821926474
3.2297661042134216
3.2187969959512617
3.1277578274924607
3.1682984449259948
3.116221788612836
3.0910249278783115
3.1048445705004717
3.0242059978418014
3.03449777984932
2.9904287452135154
3.0081402717834473
2.95776273197341
2.983354842486169
2.933130746043064
2.9379515952744515
2.932248316264196
2.860754253374816
2.875615781539006
2.8555734924520384
2.8393031913855835
2.8300548252150164
2.8074098865072417
2.830328962663837
2.8073600490229027
2.82505336933867
2.771832902988169
2.7506449705960905
2.772826415854875
2.757025747280801
2.7269643688407625
2.7303939613523047
2.722667422747102
2.6642538064236962
2.71066485637107
2.7164423182123008
2.669635032432352
2.6418625828583595
2.6841318420883717
2.639860861767282
2.634191211059061
2.6478791968088884
2.625312426813964
2.624290006746858
2.6380813373816814
2.6640613105079805
2.590678236211596
2.6275737169685636
2.609736417378217
2.633434762757975
2.619156807196577
2.5856923283088515
2.5965800376939066
2.565553399739198
2.5409082816724373
2.55746152865879
2.566927653652033
2.531047209741833
2.563305026372004
2.537305980536033
2.558742807921052
2.517930148687521
2.5445095825273816
2.534086765569881
2.5137106398923255
2.577864804526621
2.5170448438033004
2.4847672506455893
2.5063405273187898
