2.5407414828280652
2.4420967655053087
2.3508527640430694
2.282824357892069
2.203894763179508
2.1516070465532584
2.1018619534526923
2.0544957327715694
2.0086674152929698
1.9628553672870455
1.9257464974808847
1.891314118676254
1.8637916358187407
1.8388583236534617
1.7966798382401343
1.7996474962149929
1.750712997638357
1.7446288978533504
1.7213403357177408
1.6782285580166811
1.6541555862200752
1.6466586115177386
1.6366004277951682
1.6080339982464258
1.595032280178577
1.5693490249135693
1.5592033934059246
1.5297247538987349
1.513893614269794
1.4897989892369563
1.5182485344790795
1.4869821595862964
1.454736669568225
1.458501523300797
1.4431895309607539
1.435112119143657
1.4265039667937744
1.4127559698902263
1.406156311333583
1.377525810498524
1.3623862315598334
1.3524325536783453
1.3643115990789871
1.3484063569101066
1.3229628608770359
1.3044629868069897
1.3176657084095942
1.3056609544470295
1.3008180356877612
1.29186877525887
1.2825258222073093
1.2766084919934533
1.2742503672859105
1.2671757784717954
1.2610243993697896
1.257885083697815
1.2419616060737682
1.240028161055571
1.238446413184843
1.2248149539651114
1.2190190710447126
1.225324310232677
1.2100019665470352
1.1900846809380397
1.1866950082881922
1.1684523232022181
1.1741947206638716
1.1802979180579887
1.1611214768511724
1.1469462562084378
1.167784512945403
1.1810691132748976
1.1546971189286437
1.1366464424828824
1.1597639744815227
1.1212239669425692
1.1374474659669758
1.1566184444567165
1.1271942491524791
1.1372200716775234
1.1343570523147881
1.11190068704067
1.1284874132220923
1.097913921120842
1.1288827113747604
1.114566615284037
1.121207180672322
1.130455029873408
1.090546718730981
1.0942848079188214
1.101306246505963
1.104906308598505
1.0892440777162278
1.0700849641370986
1.077610840260306
1.0645793846669862
1.0719309788418634
1.0721437511551644
1.0738727091021898
1.0682151418808403
