0.33611497125233425
0.23841968018573736
0.2033598787039033
0.18063084929210743
0.16607371962808243
0.154829321981253
0.14814488060699613
0.1438693546171297
0.14022712600007897
0.13833817886947034
0.13674969018622019
0.13582879617955862
0.13520884288153354
0.13427831184009775
0.13382533807853533
0.1332572285413548
0.13268003558151498
0.13204249950787145
0.13126841521175756
0.1304282245835963
0.12951975391043125
0.12884600381655104
0.12813325504186876
0.1272384427876154
0.1270149749391242
0.12650101036076047
0.12556068247323704
0.12536649098953517
0.12436846646113194
0.1239353885771009
0.12374461826895658
0.12304759941728186
0.12221746204924505
0.12180909522921332
0.12127093906462776
0.12082628113390569
0.12046502662840806
0.12025434426744909
0.1193631856856983
0.11927100590123804
0.11842260287668108
0.11817284995016523
0.11802478122497614
0.11725984292911784
0.11714916363212884
0.11650391404762718
0.11578752186622604
0.11504690248385703
0.11473037668955831
0.11456852697491257
0.11470613449035327
0.11432905166321934
0.11289239945405857
0.11294333949830711
0.11279182916306905
0.11233932799159121
0.11188355679183908
0.11177281854546808
0.11102395135824378
0.11106705388921868
0.1108983504655695
0.11068858487792435
0.10972753747181317
0.10984070062734405
0.10916645310406577
0.10906518278613153
0.10816705800859858
0.10833018751214304
0.10811685217417025
0.10776118491245404
0.10749688500641612
0.10684010121934966
0.10664319776071399
0.10660801631328726
0.10594482469927605
0.10578449679605348
0.10552600425355597
0.10538205321186528
0.1050077358606584
0.10514701774240705
0.10448882933888062
0.10422900092184349
0.10363176485663128
0.10362151033375473
0.10318831300987871
0.10271710214426541
0.10297934238947563
0.1025582963558284
0.10197157827767177
0.10223219739060836
0.10197933459903208
0.10159598540890877
0.10126106883930072
0.10090181968062631
0.10123136227022164
0.10051639744532613
0.10068635094049311
0.10050433965138969
0.10006788505259477
0.09963967880470745
0.099551923961321
0.09910193529793028
0.09898963508708858
0.09833248370973217
0.09855585917830467
0.09812559183771913
0.0981987904065595
0.09793347284100731
0.09789268765901898
0.0980038732435882
0.09743100006727909
0.09732732261722173
0.09691015919761471
0.09708775046011524
0.09674505089752448
0.0964760493960365
0.09663147992584915
0.09629218672259622
0.09585955781492038
0.09534395645078309
0.09548648327880263
0.09571212993673858
0.09564121313854226
0.09509879480501339
0.09499352704430247
0.09458628872027226
0.09439414648600045
0.09403341077874848
0.09441443805731468
0.09391999569894437
0.09397655749748118
0.09355067450808004
0.09373304753864627
0.09372057819114057
0.09307113269204426
0.09299056409139199
0.09310418140470787
0.09326994288045343
0.09331661644801255
0.09280839881553324
0.09265637320105338
0.09270881852954141
0.09216090641211998
0.09248237497497848
0.09189622274050883
0.0917575360679277
0.09176711320682923
0.09184600829058827
0.09150396589590207
0.09133427152076451
0.09090563253247777
0.09126964853378772
0.09114396708019393
0.09114673385451205
0.09099131282600983
0.0905089510501596
0.09090945819932786
0.09046023946971381
0.09004172520159899
0.09053472095815289
0.0902516350926716
0.09066319131938565
0.08994265098476643
0.08990808394328002
0.08966051358790274
0.08950569008625679
0.08936398455733585
0.08933559740841972
0.0892925444953993
0.08942378983386953
0.08903652078893752
0.0891230846679366
0.0886911348916032
0.08870441117096413
0.08910082747813933
0.08883216975905996
0.08905358337084322
0.08843461691071233
0.08868960219553705
0.08838924817765186
0.08841717302653611
0.08833884063149508
0.088227046963058
0.08781068485703453
0.0881370903274912
0.0878031276506205
0.08806086187205407
0.0876427542673066
0.08785632108292672
0.08810672153042272
0.08731934518010298
0.08732136929899163
0.08736998489557338
0.08690807038875667
0.08709701905421403
0.08681154037531502
0.087357982726167
0.08708693036136099
0.08709075453566806
0.08679214547045457
0.0870890190843068
0.08675410721074875
0.08673714902191286
0.08670020545150248
0.08642078197109195
0.08620775876876198
0.08630885369468978
0.08623948382632352
0.08629859448789774
0.08626407030545151
0.0859109621240184
0.08601423873526653
0.08640355010083134
0.08594189705600179
0.08564373793790317
0.08512864015535346
0.08568060382326961
0.08574157163306634
0.08554787381706874
0.08539401750756785
0.08541798017652105
0.08525514805307217
0.08572923250083815
0.08533492330037033
0.08519896787230277
0.08521452996309495
0.08509710286698434
0.0854726620746552
0.0851528209054703
0.08517579189486535
0.08487806651219483
0.08479789102067777
0.08489692706238564
0.08483410376679237
0.08541901301628992
0.08472354657923749
0.08442145048455617
0.08482983368615762
0.08463173814676095
0.08434397789136983
0.08476202128036403
0.08481680411323662
0.08410446373715463
0.08418116565636004
0.08415414269176291
0.08431010528282544
0.08393633455426375
0.08415313629306101
0.08443991403043853
0.08406449620178158
0.08415152597262339
0.0843133224168313
0.08397029723717257
0.08388372754574987
0.08365429494930401
0.08416482508910596
0.08371204517611852
0.08348565239228721
0.08359257358730034
0.08359998882011016
0.08380702686426306
0.08360622745577598
0.08373290243337131
0.08372383853511624
0.08321617922293635
0.08333951943472076
0.0832671815535533
0.0832276240063995
0.08336225791503629
0.08342783701536322
0.08281466805342742
0.083144682735593
0.082690746587146
0.08268008394476258
0.083391350248058
0.08286947616245537
0.0830041744445939
0.08300958326274487
0.08299613610541005
0.08288335015069001
0.08291974542389476
0.08297400092797093
0.08288647491691167
0.08260872523248779
0.08258132927774994
0.08278341252805745
0.08240443431690384
0.0824726902021259
0.08237158012021248
0.08237582280115506
0.08225268058794329
0.08185043715013354
0.08216589873699101
0.08238020914239681
0.082346582839854
0.08236882954544664
0.08223251359543311
0.08233270687369648
0.08283508548373508
0.08207956774324082
0.08215235768292548
0.08253499480868395
0.08178349851299963
0.08203768006947608
0.08189031922225067
0.081847815904827
0.08208294783139462
0.08227132640609136
0.08193857294389013
0.08194997559638287
0.0815126927332886
0.081805453080599
0.08191386545956718
0.08209454955029566
0.08188055469032608
0.08164225995589157
0.08171522777515436
0.08171276879232947
0.08155819134186068
0.08194962527348086
0.08226237100236579
0.08163963139348387
0.08175877401611316
0.08157172640148513
0.0814699745746117
0.08126818323174206
0.08134680724299304
0.08157812166922644
0.08130794337644251
0.08162432452754788
0.08141658771843786
0.08148128513841366
0.0812277494283569
0.08124512901183836
0.08150270408935578
0.08141230169307526
0.08119748487874429
0.08099876213151391
0.08088711222045196
0.08097828108004328
0.08104658586728457
0.08130178630885938
0.08102263965270806
0.08143553100769023
0.08050957938553067
0.08130653047212172
0.08103222617157507
0.08111716214725172
0.08148203480758186
0.08069773933301143
0.08057582833431054
0.08103036461853048
0.08065290182392061
0.08097640580288362
0.08093014454123251
0.08088817446210485
0.0810139332488422
0.0808032850343552
0.08047866003424026
0.08077709481168648
0.08067355660497172
0.08068494570323233
0.08120579500637147
0.08030138983837168
0.0803091575661583
0.08095228810360844
0.08047839675207868
0.08056775905216167
0.08050907723581364
0.08073913039038935
0.08011656986240066
0.08037938011343006
0.08051739816314235
0.08027813981623913
0.08064064412629565
0.08024635397698669
0.08046917190186752
0.08036651458676164
0.08051494317256666
0.08021355938494011
0.08051313569083664
0.08021202518419644
0.08061402035021627
0.0797852970150084
0.08000607993635758
0.0802029974831432
0.08057864222687697
0.07996150982302253
0.07995502113179585
0.08049333424395382
0.08036852949556776
0.08005030131640962
0.0799040207062948
0.08008568311650124
0.08044386038659838
0.080241790739061
0.08013174908557233
0.080076196513075
0.07977197870175302
0.08013834567673819
0.07973366811968605
0.079827485060022
0.07964886513808651
0.07986301535600948
0.07974487331965847
0.07991523141532846
0.07976827698878046
0.07939877657140894
0.07983493042885287
0.0798065523444053
0.07982439567192369
0.07968210319742706
0.07961778599975164
0.08006206010422799
0.08007113191417452
0.07979968493555578
0.08028661974187006
0.07958831465787919
0.07942589198873175
0.0797667973447312
0.07932825092869396
0.07944609354635403
0.07912580592478914
0.07988688455293932
0.07922806135751914
0.07971471959439862
0.07950182682576708
0.0798044753555172
0.07976799220429182
0.07931135875758402
0.07928359733002582
0.079568953025807
0.07982304035792133
0.07939185102618866
0.07931291848324021
0.07928425813827919
0.07937844973724906
0.07924559191233366
0.07949484586837043
0.07929254752805256
0.07951311571735901
0.07949259484047222
0.07939838592557644
0.07967325463793953
0.07935051751665843
0.0791926554583183
0.07885294282620815
0.07941503138417919
0.07907219343979506
0.07972340150478414
0.07933051830782564
0.07944923310452641
0.07943445509633335
0.07933141456170657
0.07951436232447819
0.0789223387958755
0.07891029489593708
0.07886496682557298
0.07921338473304086
0.07924708000805945
0.07958016021583678
0.07916382910131632
0.07891963765704671
0.07884922322698835
0.07898876073403156
0.078889657115315
0.07874134122864238
0.07914694134716296
0.07869024290809414
0.07919786758235495
0.07913232509786998
0.0784822674377151
0.07906328672573504
0.07866888636486538
0.07873998867523786
0.07882754346932185
0.07928093778824961
0.07867903907931977
0.07898525199595026
0.07870067361778661
0.07861268077446118
0.07875080495854349
0.07879277135485158
0.07861822710072179
0.07896475419887503
0.0786651394023569
0.07890978249257084
0.07899249240707497
0.0786123413665384
0.07866753154837736
0.0787655147648013
0.07874982169425837
0.07856655185162438
0.0785624769179557
0.07840312381520721
0.07907719098347017
0.07877913105274256
0.07872113532080324
0.07847092406223574
0.0787271577076143
