0.8897351821263632
0.8991097104855073
0.8129814022626632
0.9480982682643793
0.7446695688443307
0.7510358385550671
0.8374580924327557
0.7421806867306049
0.8695283150061582
0.9184565651111114
0.8526514615768042
0.8283998431303562
0.9938168479846075
1.0144376235130506
0.907596597304711
0.9690680687244122
1.0373416191492326
1.044980715482663
1.0787535172242384
1.0876760177123241
1.087812438989297
0.8824039086317405
0.9850731186377697
1.2532180700546656
1.0541572815332658
1.370622387299171
1.1768119488006983
1.6770509053499272
2.639410416285197
1.9167537108445778
3.892441682326488
2.6517782516968555
2.9062180396838064
2.9455961080697866
2.138882264112815
2.3521324426699906
2.457430753952418
3.5695751508076987
3.1431041741982484
3.7060180871914596
3.1107585919209018
2.587301871715448
2.592666577070187
2.7792352040608725
2.3993549652588673
2.614014277091393
2.5295067872756567
3.195819151707185
3.892542392779619
4.019530174059746
3.419472015821017
3.288144710736397
4.317764453398875
3.9267139312548514
4.566870139195369
3.649581572948358
4.049289923447829
4.307079425224891
3.816633151127742
4.20020345541147
4.521753531235915
4.800226028148945
4.348804131532327
4.65099991284884
4.185062738565298
5.131033261617024
4.742139082688552
4.308653476910713
4.119667456700252
3.729619863705757
3.494940445973323
4.569909083537566
4.728999027839074
3.4834994047116012
4.270298798878987
3.744320979485145
5.455591947604448
3.4332870031014466
3.656564394632975
5.381870110829671
4.558398564656575
5.205205428294646
3.6643393223102274
3.5587964608119083
6.901275109022092
3.7868058620355067
4.6144119409414435
4.476703056922326
3.4020106486785107
4.58713436126709
3.292680697563367
3.652545990088047
3.7508672934312086
6.865701357523601
5.106455656198355
3.864253417039529
3.67180418356871
5.409625921493921
4.104611800267146
2.688314554018852
