2.679352138784299
2.5688451518907853
2.5072692116241253
2.470403971234216
2.4464330886219137
2.4264112680186
2.410230526939116
2.398670657244369
2.3846096651558977
2.3744859810125556
2.368119906647969
2.3611305902482163
2.3519410138739403
2.3451094047153123
2.341533509277206
2.333799480451434
2.3279398459168195
2.3199331483540226
2.3181850511546154
2.314266833487721
2.309423099070292
2.3045875621579905
2.2976467153386593
2.2990527495458775
2.29615433985951
2.290000491255758
2.2875739665086567
2.2823084751347182
2.280913401230121
2.277249227904529
2.2742080226092516
2.273748403617928
2.2693951021544043
2.2669044162951093
2.263322822519379
2.2615496476099266
2.259467036839561
2.256840212479243
2.2524709907978804
2.2518970510981395
2.249845759219929
2.2463894600055556
2.246063093589067
2.2430963665217383
2.241432577043946
2.2402950560131396
2.2366974149915206
2.234979822256922
2.233743852818308
2.23074057184025
