2.6598832722069976
2.5492808035911794
2.5045683383781467
2.4727400670966113
2.4460670754411353
2.4258107872490955
2.409454223353133
2.3960042962738037
2.384203851470488
2.3734427869353194
2.3616956311320525
2.3563939586732965
2.3492223345714676
2.3415986255741332
2.3350059808572747
2.329472064126421
2.323329767234232
2.3186000185553817
2.312635402847577
2.310296149132821
2.306170567890722
2.301619001694292
2.299613093664064
2.29419677388604
2.2922099075053484
2.287239637008199
2.2850903652537493
2.2827490488394213
2.2792678789972314
2.277789254088116
2.274755457787177
2.270972688148059
2.2705332359283843
2.267768785360398
2.2648660207192153
2.2627780348393416
2.261112625432707
2.260905128399577
2.2574240164194244
2.2566218542931917
2.2538173100322445
2.251196154319373
2.2509302425356847
2.2459097151535587
2.248182287843448
2.2446133944739763
2.2434626024080724
2.242572325521834
2.2411442971088418
2.2390624206419707
