4.712531895676255
4.14609706248492
4.075940916094184
4.039257787060738
3.978512758523226
3.8981379742503166
3.8518631233394145
3.8286865416377784
3.7554447394669057
3.6892171254724264
3.648449291458726
3.6060583179041745
3.5609807031065226
3.5100403431385754
3.4484270309597256
3.4506945735752583
3.381669164171815
3.385329756256938
3.3317742229372262
3.2674643908515573
3.226351396498084
3.2026219766944646
3.1768025083839895
3.1134585919976234
3.099006736201048
3.0479486689221114
3.0216290436521174
3.0039308823943136
2.95643753028363
2.9251785548985003
2.893281826584041
2.869386157502234
2.8446912406519056
2.7989731098651887
2.7718161788478493
2.7604254727512596
2.7391930502712727
2.7135599606744947
2.6790686494231224
2.642322169226408
2.6244564597800375
2.6202859661258757
2.583202331407368
2.5693797856122256
2.548412808692455
2.5112984895519914
2.477350362370163
2.473419801220298
2.438463765028119
2.415059278360009
2.390381336040795
2.398941019335389
2.354733430580795
2.3326182856097817
2.322425865146518
2.287888657680154
2.272385366217792
2.2267381480649115
2.2422995562925934
2.2097369390025734
2.1856011639893054
2.1812718653783203
2.1539081758007406
2.1320464773625134
2.1089706403329966
2.1001166540160776
2.0720318474948405
2.056137615816295
2.0483779250152407
2.031320523250103
2.0153385312616825
1.9822580074101686
1.9824055731534957
1.9514910443596543
1.9438001336544752
1.9129066670686006
1.9151616501376032
1.8893347695596516
1.8640345403254033
1.8613903530560434
1.8503590874269604
1.8286489670678974
1.8180295749038458
1.796925768815726
1.7968464910671116
1.7683828153923153
1.7579394643828272
1.7256450272545218
1.7187870354685932
1.7106141332164406
1.7064232263460755
1.6681476832978428
1.6764062011346221
1.6582371211398392
1.642448302076012
1.6287685118734836
1.6132800713814794
1.5977027777060866
1.5908808822512626
1.5662833478398621
