8.837767533581665
5.479665824861238
4.879682291637767
4.722187880313758
4.728617261154483
4.757211370901628
4.750314356702747
4.780088342199422
4.748900312365907
4.794477813773685
4.814136484054604
4.826807833681203
4.821808395963727
4.838327643847225
4.834770771590146
4.805499716238542
4.842278536522027
4.8115304551943385
4.811565910926973
4.820278734269769
4.782543299776135
4.798942626726748
4.802023623928879
4.777345013738882
4.793919157500219
4.8336625701249245
4.789529234471948
4.790400594773919
4.787442623364805
4.772758065450071
4.768818041892967
4.779457338530608
4.785759143155031
4.762669661430397
4.752482431705552
4.759305873904565
4.776909202036231
4.764206473875528
4.763949046833346
4.765774020040878
4.744494570626153
4.7432942360338535
4.751414966703665
4.748020533359412
4.758722957336541
4.7572771828584
4.785608452377898
4.759633138926342
4.754324669187719
4.756071481439802
4.743808746337891
4.75207026558693
4.768063551247722
4.757020487929836
4.749789220516128
4.730038491162387
4.755216270384162
4.75461989340156
4.7546980405094645
4.776043244082518
4.7940228153960875
4.756721681416637
4.748498494576926
4.792817734106623
4.749431834678457
4.765815872736652
4.751474589410455
4.739628126524916
4.755809951912273
4.7579484834815515
4.737586715004661
4.745543830924564
4.725965935172456
4.736146104456198
4.7521701726046475
4.754256680156246
4.733056083472088
4.755187706513838
4.754520938251957
4.741870096837632
4.751157767844923
4.74617544448737
4.744777339275437
4.7429606167957035
4.766341010729472
4.75114255722123
4.722836867125348
4.739836319528445
4.7172689949623265
4.742108621380546
4.7535969705292676
4.738642750966428
4.740821799244544
4.7498573100928105
4.738966366257331
4.761410994963213
4.732932846353512
4.755730521799338
4.739751845899255
4.73083392658619
