4.561803587177132
3.2911577912825574
3.1957661332963387
3.117160165159008
3.066117726096624
2.982831039911584
2.912864797326583
2.8609684775147257
2.7806819547580766
2.739953968796549
2.703668170639231
2.642071673839907
2.6149338055260576
2.5848035806342016
2.5442554208296766
2.5090968934795526
2.5224109583263155
2.4838105699684045
2.440549601784235
2.4354045584231994
2.3946680503555493
2.387890510619441
2.3767364444611947
2.362779159485539
2.3305561663229253
2.3281575447396388
2.2918623854842366
2.3118139758894714
2.2646478610702707
2.225547565387774
2.2293726522711257
2.2281333491772037
2.2138042797016193
2.189385832714129
2.1818203763116766
2.1900597345979906
2.162523452843292
2.1570721858664403
2.1601952893824516
2.1159099011481564
2.130288501932651
2.1213030208515216
2.1489284156244013
2.0890141985084436
2.100249851202663
2.0692078409315666
2.0881776682938202
2.0619065100633645
2.058357066142408
2.082418640957603
