8.460421027412897
4.557740905616857
4.563410774665543
4.616163886347904
4.665040007120447
4.711895258819001
4.761737233777589
4.815545685683625
4.861136428615715
4.926302117939237
4.931564775297914
4.963591326942927
4.9599473711810536
4.995251070095014
4.974247269690792
4.99590098344827
5.006773369221747
5.008219998999487
5.002293449112131
5.042034231258344
5.030220809163927
5.04429265155068
5.052267821831039
5.0386662012414085
5.057751819755458
5.050396127338651
5.019203728060179
5.058925838711896
5.044309639025338
5.001562460162972
5.045453589475607
5.052414326728145
5.025102978718432
5.037247861789751
5.016182868088348
5.0474554188643825
4.998169915887374
5.040270723270464
5.011703135092048
5.01751200277594
5.018025158025042
4.995925913581365
5.057379525824438
4.974095166484012
5.0166942173921605
5.005217534077318
5.0094947694223135
4.974517311627352
4.9918454906608485
5.026773697816873
