8.250413545454391
5.303777255193151
4.74093942750584
4.4647901883028975
4.386428141232693
4.328162112019279
4.285262765908482
4.260707273627773
4.244731217321723
4.208493557241228
4.21114943545274
4.1799249046980735
4.1869392942900605
4.169666630451125
4.147025319060894
4.1408926495397935
4.137623359458615
4.138635833456059
4.139488682000324
4.136579104144164
4.127306623892351
4.1127250333025
4.124224359338934
4.1049890554312505
4.093712325047965
4.079294358841096
4.063250137699975
4.088557206019007
4.07114051086734
4.073209778226987
4.051117607439407
4.030449739610306
4.040059915094664
4.00036894010775
4.002595080269708
4.016308361833746
4.0063328098769135
3.973300616548519
3.9758419809919414
3.9980491821212
3.98741944992181
3.9699587990539245
3.9582856303513654
3.9515984353393017
3.9554520490193608
3.9319048138579937
3.9282571763703316
3.9171286135008843
3.9253909509591383
3.948277665509118
3.9361304363819083
3.927555167915845
3.9081269677239234
3.9070645468403593
3.8950722596862097
3.9044143352845704
3.8888287417816394
3.8962810725876778
3.8817082523095485
3.8938911876293143
3.8764069555985805
3.8762517077754244
3.859429466603982
3.8825166086957914
3.854713996853491
3.8299302007212783
3.842160018405529
3.8444461274628687
3.8563393264105827
3.860142187036649
3.8377997676531472
3.8349280682477085
3.822829297696701
3.823589188884003
3.830446248704737
3.825364180285521
3.825353619426188
3.8127302683965123
3.8073557422618673
3.8092161754165033
3.8228574419262435
3.78952977934269
3.774729301231076
3.7902196699922737
3.8026208143041593
3.7967259335999537
3.797839252635686
3.8201196585038697
3.8027193949680136
3.795963518547289
3.7729623733144817
3.777629913705768
3.7704158666157963
3.781382269329495
3.765706257386641
3.7688716035900693
3.781294777537837
3.78658660674336
3.771605775813864
3.7611250955649096
