2.6184602221480744
2.5176815827814045
2.482145884946596
2.454918321756016
2.4327131307304217
2.4173175848515633
2.4019552806372024
2.390692536836267
2.378292001566193
2.3704784250096207
2.3594735497120856
2.3530925795809057
2.3465055238988013
2.3386849059427295
2.3339292657532265
2.325200886306414
2.320497447424042
2.31713920269687
2.3115531833855196
2.309597957775581
2.3031303498007643
2.2994620421683285
2.29742335782657
2.2935621267117234
2.2880453600929926
2.2857250977371755
2.282070965524204
2.280341460738485
2.275560089891481
2.274650013253799
2.2730031977110885
2.2683691496603076
2.2676442089514897
2.2636331203693625
2.2617957196327056
2.2588128761186255
2.2556164872267632
2.2521915244058084
2.2521449137160316
2.2509337152645696
2.2462383598911946
2.243981237025567
2.243446354071297
2.241823463048373
2.2399913680578334
2.2377483115408965
2.23332228321009
2.234277719570444
2.233725443787661
2.232950481553214
