4.92347589331575
3.974939347094217
3.811572899547113
3.663499735146334
3.5155319180880906
3.5699891005682742
3.741558521144272
3.7869440615299146
3.8492355123192765
3.8603998397736583
3.8244850875606216
3.7597136585330846
3.697107311550145
3.6290785885715993
3.5892037542150295
3.5515923864081214
3.5173052375159495
3.486804791859218
3.453146216325764
3.4377728197548265
3.4063275137544897
3.3671419031054963
3.349983108663383
3.3616041366164917
3.314645792098012
3.2987221097341095
3.2919254256134094
3.2625518644436724
3.241825680824464
3.226126910231907
3.2712885874780633
3.1939291328472335
3.1917060915681117
3.176636076051585
3.169520069134806
3.1615902205446536
3.141454342003977
3.1378229681312475
3.1267551186140374
3.1195710020576692
3.1142747305574545
3.1124461118773854
3.0867320746610365
3.0975553339444075
3.0653066869353935
3.080165776765303
3.070018593912675
3.065647365321793
3.041822512814416
3.0450156504045096
3.0409872767088895
3.037361702077759
3.0214433874012356
3.019419122806007
3.0190146684744197
3.0279100392131206
3.015503519829599
3.0163264877719076
2.992201580554308
3.0036597025477394
2.9992098559427594
2.9997874428588642
2.988474181768985
2.990358517592528
2.979953723416385
2.971167779193274
2.955653115856906
2.9792599095412076
2.9689597910757297
2.9600448042361696
2.9751320223900026
2.9458091772339454
2.958334782842823
2.9605906023337027
2.9541059894928714
2.9542150310058846
2.9216260464036266
2.9275062471640387
2.946202192938918
2.938208918272839
2.9205863279638553
2.9110607938887494
2.9455061929908095
2.9268296584700444
2.9163535523502446
2.9236065319606235
2.9318605833643048
2.899075944941892
2.909086196870527
2.933659495362677
2.906546907155571
2.887866544957733
2.8795859780508724
2.899671954890035
2.9052784930864317
2.901963480466514
2.8903282315234304
2.8887481059005307
2.8602002840085055
2.8860704840278704
2.8925005017466785
2.873987543743944
2.8785866927866364
2.865487752856654
2.869465801689501
2.8667357576903485
2.856422532936905
2.8724883385383833
2.8515279046151174
2.843301039663339
2.853837897725833
2.848396027132082
2.8538544520558853
2.839614620474192
2.8467435633799507
2.835794047356823
2.8442597056430623
2.8437097861149057
2.8325694406613238
2.835744869499191
2.8555550797767344
2.826797341109786
2.826129018406472
2.835894558403368
2.828314022894917
2.825320180595482
2.8248634572601006
2.8164223234915995
2.830794494268204
2.820645159402442
2.82049302356047
2.823242963458298
2.829432665301404
2.8269626234478507
2.816680366857297
2.816150788542583
2.803634203802695
2.8081495208521625
2.805908610183491
2.8065095977416257
2.8280399239946474
2.7976727028923642
2.803697861563315
2.80847250063596
2.808427302699766
2.798712879626711
2.8032037284693363
2.8009823442139785
2.8067170380082134
2.7983487426283125
2.7817929234116283
2.786678030702651
2.787959172303102
2.7886740665576326
2.7978136534579603
2.786022015589942
2.7795798589204406
2.791146371582225
2.787245209471788
2.7764050857092677
2.793338652082608
2.775427928382727
2.7705748870730935
2.772699253802118
2.7783156424041073
2.7735187826808536
2.794799703776812
2.773192347340344
2.771977342643847
2.8079225320187544
2.778713431848252
2.781606103180375
2.782985415460631
2.773453271247498
2.7602098845967102
2.7577140305894248
2.76395173020115
2.7738097182463974
2.763597117161292
2.755614445534486
2.7690217110449984
2.7584780315566246
2.7529253142806187
2.7681559870294796
2.7544350244449487
2.7647288165715107
2.75628450382356
2.765259889223221
2.760127389718898
2.745455575487041
2.752979097725474
2.7574377903136083
2.740319904420301
2.7608941195687455
2.7571252237515913
2.738871995123302
2.7381318901778733
2.7582862322514923
2.7474269795700805
2.7437293260155085
