3.6055262757697775
3.346738138407507
3.20204149986326
3.0825335718643405
2.989356415612357
2.8923412173257677
2.844558691272711
2.7709099896626124
2.7411131978495242
2.6817480278137875
2.6533842856972987
2.62460504320751
2.58710004801609
2.551404371071353
2.527887718711274
2.495375427960429
2.489012207457151
2.470502587665769
2.4461487711166323
2.4302188714958985
2.4230828141000127
2.4140465371550435
2.3805637974843403
2.378856152948112
2.369098238349728
2.360428199191198
2.338718874574168
2.3390621121785817
2.3221206948870705
2.2995007587369036
2.3041784709638304
2.2877021133516133
2.28238700746416
2.287910327794776
2.272741220172308
2.281614790858756
2.2718822396093046
2.266127594496139
2.2507417077723617
2.247423265277956
2.2550015495550677
2.2423521527298935
2.2351976728193854
2.2388355389831918
2.2269875167112705
2.2295271466597626
2.2184813447593874
2.2201040696299983
2.2116741546486027
2.206899142480111
