3.750498593100413
3.8931743070051192
3.4825232532569683
3.4415515578676357
3.3780822244811817
2.765079564643356
2.783649153633706
3.0658314025078397
3.0433580593419856
3.0324658038590946
3.108626305700391
3.016344219706764
3.035082390765907
3.321135138346202
3.0041494345917332
3.085674947162844
3.0584443116923166
3.2601830881419844
3.130719064514153
3.0916354808179785
3.073664940506206
3.1961701831892237
3.2698950773551614
3.2289735128733623
3.2434099370084817
3.2702087742690935
3.232580503778857
3.2788308176421594
3.4732276840359178
3.453327877149569
3.224454512422775
3.3071225540900198
3.246820517196339
3.48344045693678
3.3947968021055765
3.248126156309262
3.426256396668439
3.3593075464685778
3.32266277620664
3.2904353218587707
3.3946980503479898
3.3545009537440973
3.4567053737148843
3.3781708662706316
3.468021869878861
3.4933999297369804
3.5798932463684996
3.320442659482943
3.3890143143543714
3.488905386720667
