10.372324510054154
10.441943515430797
10.591768784956498
10.259905468333852
12.12578990242698
12.142582026394932
11.73851472681219
9.55500333959406
9.708427255803889
9.318972674283115
8.616685780611904
8.874716932123357
8.683476708152078
8.71473416415128
9.561102520335805
7.99793122031472
8.547231934287332
8.456981745633213
8.132387161254883
7.694054690274325
8.412416978315873
8.447515140880238
8.306266958063299
7.057404041290283
8.047973025928844
8.02813382582231
8.11897815357555
7.6531782150268555
8.06154996698553
8.924716169183904
7.880601449446245
6.613497387279164
7.888876568187367
7.796509395946156
7.90833551233465
6.947000720284202
7.286798477172852
8.109026388688521
8.022674907337535
8.034171798012473
7.391785448247736
7.489879608154297
8.126806259155273
8.175018223849209
7.134417490525679
7.742537931962446
7.922768419439143
7.857074130665172
7.633264194835316
7.499353755604137
7.64486026763916
7.351799488067627
7.852168343283913
7.758076234297319
7.727310874245384
6.295544841072776
7.296570517800071
7.464524355801669
7.146522045135498
7.095009023492986
7.773653810674494
7.450440926985308
7.770601966164329
6.76308670910922
7.807796478271484
7.7157628319480205
7.767396753484553
7.310556498440829
7.832308595830744
7.251835086128929
8.023331295360219
6.939927968111905
7.565020474520597
7.768983320756392
6.856955484910444
7.717658563093706
7.723727052861994
7.713557416742498
7.826148726723411
7.603618275035512
8.141999678178268
7.0107317404313525
8.814472371881658
8.068954554471103
6.646336512132124
6.89740141955289
7.621368581598455
7.435640941966664
7.540030132640492
7.60738112709739
8.25139314478094
7.605474472045898
7.875342455777255
7.809613054448908
8.222526983781295
7.782739292491566
7.748129671270197
6.449668884277344
7.45363746989857
7.123822992498225
