10.639613425377572
9.998144772973392
9.625955732742158
9.119016649699446
8.622358140378896
8.234207037651894
7.917572531369653
7.490201813159603
7.119276592046908
6.807419196213826
6.568260184609064
6.208460719278543
5.856623936407637
5.7279608226058505
5.4645175095831995
5.376336671338223
5.058617009974943
4.889356886986459
4.766089254086561
4.663869426982237
4.535140008029371
4.397546985361836
4.105995214811646
4.115484614183407
4.122207249745284
3.991548698137302
3.8265995194416234
3.785465133662271
3.677113345944055
3.719162352604441
3.692504919991635
3.7242061348244695
3.5523098353112097
3.593775707896393
3.439335261831189
3.427241631663672
3.489355175802023
3.4571500756953024
3.420690731246873
3.4387464942318378
3.339848336016778
3.3691985595344316
3.3259772569826334
3.3835605465539613
3.4233709738986327
3.315082629128258
3.418989941625312
3.3805356627643697
3.40359096361859
3.377713542468477
3.431762387256811
3.305867430007104
3.374431101402434
3.363420043251302
3.3187269456315747
3.3038790214179765
3.284756264474132
3.2939194370024274
3.3983918481534072
3.313009255003221
3.334439732650719
3.2188329667148023
3.2972811277550047
3.297617230084863
3.245575747867622
3.283662814905148
3.2598381845077666
3.300126324785818
3.304010236617362
3.316528837279518
3.3178885387312067
3.4049333617238715
3.3056841345116643
3.3446911307844784
3.3192860106430433
3.352358899494209
3.3151220478633845
3.3142311986130064
3.3333871742286303
3.2155970411725563
3.235709035750663
3.285964869036533
3.203751595303564
3.3407966606687793
3.3643078998763962
3.2549593814528817
3.3024387737311938
3.2310662777116983
3.16186259406628
3.246343131702725
3.22347100064306
3.3289045065936476
3.198752711905111
3.3077531563173426
3.2841332147617153
3.209550963770045
3.2197260638274767
3.2195413879828876
3.1983374262800313
3.2646329934054084
