23.216039412092453
21.97348683423335
20.941367253218548
19.822908901932216
18.857520783301627
17.759502656388992
16.947216666570984
16.054003772169057
15.184183517304978
14.472385293186301
13.571687981633858
13.02761954128152
12.099931981303904
11.658699106461931
11.065135625329349
10.513686359518825
9.881626686247268
9.507975715221745
8.902626330309575
8.71826438620539
8.296169923083617
7.91654649347362
7.27114204841085
7.029770015489937
7.153833556883406
6.6396159087077224
6.249084130372151
6.303052713375281
6.036957662884552
5.86375881185626
5.8149785098463
5.678792129648794
5.344015574691319
5.348551384293207
5.120164342445903
5.106646639285701
5.1142721931533055
5.004131902562509
4.9220598546585235
4.872917272076748
4.774243550725503
4.727488531924711
4.766808077840522
4.812423821723107
4.549169231169294
4.613053693629728
4.746358574026882
4.798338460450125
4.63729199206475
4.6750940946069095
4.834693925215467
4.452084333589761
4.565614764053042
4.554922076735166
4.562721951173083
4.556581794625462
4.6254334662220264
4.437563582222061
4.568151013685926
4.4129694948101985
4.47201122741888
4.332646243643053
4.3682276246571305
4.322552084332646
4.405784917349862
4.387531127079879
4.269548291026956
4.356077652166386
4.363261860195953
4.421362711651491
4.313190499154648
4.505730731652514
4.36183237793422
4.470567080053953
4.320797063336514
4.302748883124625
4.336610550927643
4.345839565343196
4.373825243203947
4.199389851919495
4.175521608626489
4.228221643089068
4.27998160607744
4.3233054109139015
4.4200396230905366
4.267882416744043
4.374785848183207
4.271129190331639
4.115396295443619
4.170101273177874
4.1985319274486885
4.323957250850035
4.141921308961245
4.23311199174069
4.264906526792167
4.150711486835291
4.165801212339118
4.186267491614465
4.109100152950476
4.21904200020403
