0.4175647115096068
0.3084888695142208
0.24292862797394776
0.43448193027422977
0.19443879983364007
0.2504216249172504
0.36147787326421493
0.18193883276902711
0.15272115629452926
0.2587993351312784
0.27121069110356844
0.1130552167693774
0.24352479095642382
0.23023917010197273
0.32987764172064954
0.3560913235713274
0.36167658750827497
0.35438443682132625
0.36017641577965176
0.293383090923994
0.1744778702656428
0.21344163861030188
0.2755311001569797
0.3001189934901702
0.25234034963143176
0.21816716706141448
0.21878291131594244
0.26176875753280443
0.32376056374647677
0.3601631720860799
0.3909756480119167
0.2595048653773772
0.18703472193999168
0.22765197471166268
0.5488584026312217
0.47950332287030345
0.5480306500043625
0.47172308350220704
0.8474528361589481
1.0081055806233332
0.8692129575289212
1.2026430383706703
1.5419144080235407
1.4734578621693146
1.9126267799964318
1.6526890014990783
1.7792485830111382
2.340872345826565
3.1032047883058205
1.9864036700664423
2.8578629310314474
2.9568366698729687
3.280569675641182
2.9486009707817664
2.2218844432097216
2.478594569059519
2.2812618108896108
2.2048383339857445
2.348450856331067
2.3791672572111473
1.7462587967897072
2.4103184907864303
2.4814277979043813
2.5641133173918114
2.3187698339804625
2.320090483396481
2.894054284462562
2.0091217634005423
2.319556780350514
2.6707499821980796
2.6947907239962845
2.687867678128756
3.133166863368108
3.1161033557011533
3.5202719003726273
3.468105297822219
3.5315786875211277
3.8894260296454797
3.456689241604927
3.5001712884658422
3.821242216305855
4.1134179677718725
3.991284498801598
4.0075719356536865
4.292331744463016
3.889216239635761
4.279995404756987
3.4172190519479604
5.2884895618145285
4.711991640237661
4.355240809611785
4.96423050073477
4.007730728540665
4.528380870819092
3.4835541615119348
3.8031675020853677
4.164975276360145
3.4958415765028734
3.2175106085263767
4.1441254004454
