3.577508870188343
3.600863727362933
3.649875727362661
3.678832356392531
3.6775903560425887
3.658648516278082
3.6824865373088076
3.678088832937846
3.649752416787308
3.6483525685162226
3.612402687341968
3.610185882859726
3.62381593317124
3.628644310411546
3.5981844477158242
3.6034159716758727
3.5877012170854377
3.5678722864668058
3.557975109825251
3.5456032149315626
3.5364205699170563
3.5174404252789295
3.512307193890833
3.4708576258848503
3.4740309829659712
3.4630476356954163
3.464774914203248
3.4742349878920353
3.418227211088263
3.443785066564032
3.398386552829007
3.402212643605908
3.4414677663929405
3.4154697795651785
3.3728444589581565
3.369723691867295
3.3583610879937154
3.309748748622475
3.3270183051891964
3.316475210181757
3.3191114867565488
3.29909606850804
3.2744298092294266
3.2754489361685644
3.2572678510242006
3.2538814351940126
3.248930381168625
3.1835764573689245
3.208958962529657
3.1870070894671616
3.1451074989558716
3.1470460165901577
3.1511780191529715
3.133122829531829
3.122431308039234
3.0874980225624866
3.1128604804985107
3.056751214909793
3.084313749181607
3.082130022836152
3.044010616822695
3.1135018806808596
3.0677050718197916
3.0197217432881143
3.0174390190487
3.0000608985454877
2.947474042533249
2.946916561664191
2.9663441475775327
2.954003522619233
2.944324813500966
2.9250562063585748
2.9408993729896835
2.890798992626495
2.902696840547911
2.860338211937258
2.899678451328767
2.8522839841657714
2.8304452033746723
2.839257400851442
2.795263207996
2.816507110701676
2.8051789956567657
2.7727259128671062
2.8068337657229665
2.8034005116589076
2.7192149512252066
2.7738003969619025
2.7684747792814277
2.7197051625798463
2.7122347613349462
2.6900989253517813
2.693689466864245
2.6584998029437266
2.677018873515128
2.6759125446068155
2.630204081185048
2.6008526469490834
2.6459331635985044
2.612013547033239
2.614984484966511
2.6031949109002746
2.5907344445075973
2.595135249407806
2.6079926221401286
2.5988848165915273
2.616856545302286
2.5768022723344424
2.5435419520770326
2.56859772917274
2.5596797549920174
2.5373136428436585
2.535834904345902
2.5582311754249636
2.5525255747461704
2.570429272045543
2.515897688798098
2.5229587345885385
2.482144418328392
2.5188632232455714
2.4947743800173865
2.4763711235477004
2.512681499642245
2.4811545614749773
2.4681159208789656
2.4341221852341084
2.4425068240728556
2.503435399699631
2.4236258072314065
2.455789240685969
2.411489362184443
2.4273461315831595
2.397457646801456
2.4465735692020263
2.414830441638743
2.394775744176122
2.399652528254806
2.4115421312104566
2.4427055287295403
2.385332266796159
2.3952510844510635
2.387544778173248
2.41104633288637
2.366892030781619
2.387736542221611
2.4037065518510716
2.3368484476560205
2.3153917803871225
2.3467572603565143
2.39136873218184
2.3541159306513495
2.3441013706030662
2.3267345934134465
2.3217773400807538
2.3521381064255293
2.3841395317196166
2.322965049254541
2.337179597130949
2.3355432851778763
2.307452503291455
2.3146535229265686
2.3295130450844934
2.2754149631303697
2.277390595518414
2.2769852359563996
2.310154227631856
2.2943625222644384
2.313419904426727
2.2585283687750404
2.3108322697012604
2.285898922432264
2.2885607069144696
2.2687691220314736
2.294978604519063
2.245303747143674
2.3030132906127037
2.2428086593810197
2.2324160185113286
2.2417936069241855
2.2877405501722836
2.28320406342577
2.240290820942674
2.2589636934368857
2.3067858543588406
2.2325013957663753
2.255967791449237
2.238139607466257
2.21985503764869
2.249278997951508
2.2180273455202237
2.177291326530755
2.187957380926487
2.236574169990013
2.240208074203685
2.2394747185732267
2.183340842399148
2.193469298413281
2.1904271527844648
2.1974693726274364
2.1844898936868677
2.207553154756535
2.1866343660231684
2.2015870219546754
2.186002679758338
2.179608766854195
2.1466336127098256
2.16315642392454
2.181806093384224
2.1751379030215343
2.1553643557760145
2.159475031767936
2.1972179093668887
2.187944310099107
2.147526321316218
2.147270752771356
2.155253133270441
2.1577187299336216
2.129859962212237
2.153850599667204
2.1715145639664084
2.1763516022918625
2.1374741435379288
2.1178219226268533
2.160961629831585
2.1403062288986714
2.1449383496194208
2.155528648997052
2.192971049770576
2.1565816807451026
2.1814459650107647
2.19254795982728
2.117294937075331
2.1302585571296486
2.125499357641565
2.162539018476401
2.126353814415589
2.1318343802424256
2.1170348091797293
2.1598484219136425
2.1156300995181483
2.088484470867436
2.1446817779644176
2.0988512588525814
2.1234755099736655
2.144275776609401
2.143909031764667
2.132829877480015
2.1535620295159226
2.117314844656171
2.1309797864812134
2.162242700690949
2.099955373412871
2.096992818531536
2.090426641311588
2.1135916617403674
2.157144322329086
2.0871327580038486
2.13190189645615
2.0991018318646386
2.0634715928779457
2.117581528369936
2.116438052362414
2.083572204083463
2.100619715876121
2.0777567931600935
2.0867798076384108
2.07589527376519
2.0874565169276895
2.0910968784278983
2.1262852936010117
2.0554840250012174
2.0690871877318373
2.104307222340591
2.0490215117460604
2.072739430542466
2.083978675137333
2.1269920242215337
2.1494289999651985
2.066128166793396
2.0534628889757958
2.035760884753557
2.0663412200892006
2.0476935234442637
2.0998347637878143
2.0674429724139407
2.0798720064038787
2.027908235958176
2.030432124825183
2.072575214884441
2.042581846773683
2.062843822400444
2.0718696325381667
2.043703326298661
2.0362607594666366
2.021028102160904
2.0444506639464435
2.0105753775002015
2.0297579254482616
2.030769646815536
2.0680146914437447
