1.9200147413081576
1.8577904263121627
1.8310839065391875
1.8367713342397383
1.8274181189237229
1.8371443372886354
1.8400880855371
1.8402422095445188
1.8425154611402308
1.8329655355684016
1.8425581395809492
1.8312901132079689
1.8234536286214262
1.82241002909178
1.8114942923068116
1.8076124756157663
1.806480890407585
1.8019237820691014
1.7932956168399756
1.7857317990711825
1.7796248495900067
1.7750584693883669
1.7665302058670223
1.7639556845737328
1.750264343791896
1.7461425548393967
1.7475026386172712
1.7317768881476843
1.7240251396342523
1.7060994879819549
1.6977634544077882
1.6976642379933584
1.6961906657123091
1.6866814510467123
1.6797900073481573
1.6716718949810567
1.661811585062508
1.6570260848105265
1.649521766661468
1.6422679658279409
1.6359280676848857
1.624633276573865
1.6171659740229096
1.6200320684283223
1.6001337429154092
1.5947839103934967
1.5882082646654994
1.5882927208903816
1.589506999119238
1.5588014301548183
1.5612977199146814
1.5461632170663018
1.537746601085485
1.5407388188011095
1.5291012459254494
1.5304525894389382
1.5189405421130515
1.5043891837738161
1.4868663441009229
1.4918468718765432
1.4833866522919907
1.4680502422832458
1.461580342703658
1.4494834078448067
1.4484174505528018
1.436045701164713
1.4348877074847322
1.4275169818561702
1.4556950339708215
1.427296136466551
1.406229364334026
1.4211299100441996
1.390678283730484
1.3912911967110635
1.3791726216236722
1.383445473490634
1.3772517541292613
1.3557824907218827
1.3690953416877076
1.3515164283145464
1.3334567661013454
1.3364056845712358
1.335072455910706
1.3225036775111563
1.3169984268975752
1.3099744668153204
1.311981645436309
1.2958889756745438
1.3064767729577835
1.2857991535629134
1.2951689842122167
1.2854476437312599
1.3070326060181896
1.2815248039253593
1.2713512681167483
1.2678804800240118
1.2881291278533797
1.254601269071813
1.2531827422471895
1.2478610783981485
