7.006527362292326
5.954124482070344
5.648623368709902
5.455282975450347
5.283476691909983
5.19460771415807
5.0986090310012235
5.051952819582782
5.004035341286961
4.971274319177941
4.978252881689917
4.917227364793608
4.8973526013048385
4.9087184507635575
4.868780688998066
4.883502373514296
4.861636363403707
4.85420755072485
4.871342701851567
4.843608861029902
4.846148542814617
4.862710649755937
4.828542658648914
4.831651508959034
4.852242183685303
4.839834762524955
4.846777472918546
4.8442496504964705
4.843256938306591
4.835878547233872
4.870379412928714
4.858794074722483
4.840295673322074
4.841677390472799
4.846544741377046
4.8421466658387
4.860667151439039
4.833902583544767
4.869652382331559
4.855552131314821
4.858414433877679
4.86355200779589
4.823004825205743
4.855365444738654
4.862494530255281
4.854155178311505
4.857533973983571
4.859747277030462
4.865899256211293
4.884014297437064
4.8714394038236595
4.8456208935266805
4.872764836081975
4.848277274264565
4.875310971465292
4.878195153007025
4.876245792002617
4.8714540004730225
4.887824353085288
4.85791870913928
4.871835896938662
4.8492425665070735
4.876779492293732
4.882477139823044
4.863385648365262
4.881588625606102
4.88240821693517
4.87121979918661
4.8670058389253255
4.893739216237129
4.873008585579788
4.857095577143416
4.877853694143175
4.862967275064203
4.8854357876355134
4.867637846741495
4.8875978119765655
4.898342091524149
4.893341297439382
4.8933618545532225
4.868414423737345
4.865585235402554
4.877861493750464
4.892118259623081
4.883165675778932
4.8946728138984
4.8780288877366464
4.8770382193070425
4.870345966725409
4.885943125471284
4.896616694293445
4.880894327767288
4.893795661081242
4.872108642964424
4.886841295942475
4.902657849275613
4.877900459192976
4.884583324722097
4.875475125373164
4.88045618684986
4.878486796270443
4.89597820450988
4.87759105404721
4.8937393405769445
4.875757804098009
4.89377036758616
4.883285042002231
4.883779941027678
4.869908051551143
4.908166328864762
4.899653934527047
4.884091199802447
4.883108780052089
4.88619644792774
4.87635142048703
4.894536656971219
4.889945841439163
4.885526672797867
4.884363116493708
4.894587746149377
4.908850687364989
4.9008164659331115
4.894541697562495
4.888895357107814
4.882027267504342
4.891853799699228
4.9015740358376805
4.893414231795299
4.880989063842387
4.883982565433164
4.90013422302053
4.906766798526426
4.893476238733606
4.892511085317104
4.896418591994274
4.900131240072129
4.901469825792916
4.896328089508829
4.894442397733278
4.885902350461936
4.908895963354956
4.9087995034229905
4.90033941751794
4.887531317940241
4.89284613886966
4.890059532696688
4.899771346321589
4.881664730023735
4.88425107786927
4.890879074531266
4.897133014775529
4.885345269456694
4.896048993702176
4.910153566432904
4.888332592082929
4.914499134353445
4.875860793681085
4.897682893728908
4.891890274723874
4.871277973319911
4.896413073962248
4.908371639251709
4.885424355615544
4.884939111637164
4.897798240033886
4.8920738606513305
4.913054310520993
4.8613227445868
4.903095051004917
4.875509616996669
4.884287987479681
4.902205661580532
4.894067909144148
4.889848955371712
4.890681290928321
4.898423557040058
4.88939817283727
4.887413490874858
4.891055097459238
4.880382565606999
4.886362443996381
4.906761725944809
4.89413067117522
4.877519427673726
4.884943421279328
4.875321594672867
4.869268353377716
4.8876581433453135
4.892017580587653
4.904677727856214
4.890624189980422
4.883320663548723
4.870910795429085
4.882428921325297
4.907767684550225
4.8715289079690285
4.900349525258511
4.877308829826645
4.873231414601773
4.894044004512739
4.887280681465246
4.89488199149506
4.885598326332961
4.880635249463817
4.881780508500111
4.880393255209621
4.886152273491968
4.894718750820884
4.8978671158416365
4.883678466458864
4.89829622461826
4.884587293938745
4.884570860560936
4.879614925384521
4.888345199295237
4.8793306109271475
4.881529028204423
4.875528595115565
4.902479632896713
4.872295186489443
4.873187352433989
4.88736207696456
4.883034692233122
4.877394002600561
4.886780633805674
4.870179689383205
4.892743198177483
4.9009553474716
4.897148292275924
4.889309676085847
4.903499809699722
4.8780017550987536
4.8672725430017785
4.871207099624827
4.8954903373235386
4.878911381733569
4.870373410816434
4.8969168059433565
4.909039286118519
4.87691173191312
4.87748956318143
4.85828887601442
4.887936396538457
4.899237527726572
4.882487356210056
4.876460762265363
4.889907503731643
4.884081343155873
4.889209451554697
4.871427276466466
4.891882440108287
4.881964460203919
4.883762732638589
4.894317570819131
4.892134510112714
4.887383700020705
4.89320044940031
4.867988179605218
4.893880413151995
4.90082319718373
4.880886546267739
4.885717547694339
4.886242989648746
4.90118035545832
4.8796433599689335
4.877814049056814
4.878592534608479
4.8857945550846145
4.892500523675846
4.868762962727607
4.857507984547675
4.865408997596065
4.873215085041674
4.886560046521923
4.896464445621152
4.863687491115136
4.8812573408778706
4.864400759829751
4.880231939388227
4.866262467299836
4.8977293829374675
4.8801267998128
4.857896384709998
4.88166085255297
4.867872067946422
4.870090126085885
4.865273473232607
4.891000915479056
4.869966461085066
4.8824317865733855
4.855025833467894
4.879781369317936
4.871974958347369
4.876486944850487
4.8626357766646375
4.886505486693563
4.867080880418609
4.877874599529218
4.8537185186072245
4.8734476385237295
4.884421868867512
4.888081682181056
4.868324057663544
4.8714907851400255
4.895829080026361
4.851537059228631
4.865435460247571
4.868512354017813
4.868949546089655
4.891517984414403
4.8676874927327605
4.878541217272795
4.86410546121718
4.877154786073709
4.852864357791369
4.8698807342143
4.859526791150057
4.85840916211092
4.865069469017318
4.863822089569478
4.878140750716004
4.8705849049966545
4.881820939462396
4.870503908471216
4.858531907842129
4.865735382369802
4.872105647944196
4.87844907905482
4.85265422048448
4.863940991027445
4.876269731642325
4.8718698996531815
4.858427717112288
4.887727359578579
4.856392311144479
4.848502963102317
4.855297054821932
4.874123066286497
4.86864632352998
4.864809211296372
4.886894637723512
4.863616875757145
4.861906989616684
4.872719890256471
4.870043580743331
4.890710157080542
4.866023439093481
4.855605453780935
4.860805798784087
4.877598735954188
4.873995325836955
4.869300144533568
4.855088545400885
4.869998969307429
4.877063911775999
4.862612085704562
4.84924090663089
4.859441751769826
4.856226426136645
4.850855146480512
4.864393207694911
4.879076363768759
4.877902487259877
4.870534048804754
4.854694787761833
4.90028051847144
4.857594088663029
4.840439561047131
4.872872342942636
4.848675573324855
4.875016412855704
4.86600521606735
4.87083935797969
4.854950364631943
4.838458737240562
4.862857618211191
4.8688011097002635
4.858044346073005
4.840795625614215
4.858325365525258
4.865475851372827
4.866485898705977
4.878939504261258
4.862581504145755
4.858134699471389
4.864351010624366
4.8458700862111925
4.870114070554322
4.874093577228015
4.862021470371681
4.855279932746404
4.845986770074579
4.863606723350815
4.858755523343629
4.872796535491943
4.871343908430655
4.849330861055399
4.853817147846463
4.862019200868245
4.857909242412712
4.85818585745896
4.865777758103382
4.87670070672337
4.8567462909070755
4.87099329550055
4.861522602733177
4.862957354436947
4.876116409784631
4.867778034451642
4.842103009284297
4.846535280686391
4.877290005019948
4.835951317412944
4.86474789607374
4.837150812752639
4.843611271170121
4.866836079464683
4.846893208539939
4.8600724002983
4.861594744573665
4.85810929914064
4.83946543102023
4.8668959804728065
4.8498975089833705
4.8489844370491895
4.869195155252385
4.863464353657976
4.856388327441638
4.867757212964794
4.843841130220437
4.857076041306121
4.8691740277447275
4.864453534234928
4.8540317137030105
4.865656725967987
4.8610268616978125
4.843597607672969
4.843993457359604
4.857686897470981
4.8615952974633325
4.853015932252135
4.847632997247238
4.8662393256078795
4.857220201854465
4.8586285017713715
4.865917723691916
4.861865935748137
4.86457764227179
4.8492539840408515
4.852853347078154
4.852626254890539
4.8633488142037695
4.843681207487855
4.837312236013291
4.85939090644257
4.856180794631379
4.857438334332237
4.84929621008378
4.857596496388882
4.841840314261521
4.880992797658413
4.852197393586364
4.850991533979585
4.828863503661337
4.887159494810467
4.863670888731751
4.854476381857184
4.834056324898442
4.845127543316612
4.84827652822567
4.847059467170812
4.854805230490769
4.8500216592716265
4.849967390374292
4.855638785301885
4.827186277848256
4.862456307833708
4.839996339097808
4.828197564354426
4.846684081644952
4.834115231188037
4.851468199717847
4.844743442535401
4.856229015543491
4.872817519344861
4.85274331539492
4.871653066103971
4.864914466157744
4.8422382620316515
4.857846293871916
4.858680694918089
4.849197513845902
4.8379829104942615
4.854525453229494
4.853192481511756
4.834025317807741
4.8440906717807435
4.849346170546133
4.866629030734678
4.82231762560108
