10.875284736806696
7.468216486952522
6.604467622258446
5.977897389368578
5.790029764175415
5.271667244759473
5.139364497228102
5.0797027322379025
4.870459125800566
4.667498878457329
4.7329142161391
4.854754190553319
5.411560200832107
5.8479195900938725
4.951366150921041
4.148085259578445
3.6581304493275555
3.4684549434618517
3.3178263780745594
3.1683575240048496
3.1062004186890344
2.919751600785689
2.8746842714873226
2.806252070448615
2.6745167835192247
2.7252826419743625
2.7372088825160805
2.802620683204044
2.8716743290424347
2.9521628482775255
3.142061774026264
3.3060672012242405
3.3558049540628088
3.139671518044038
2.658346788449721
2.538165657357736
2.4902341555465353
2.5356498753482644
2.7233534780415622
2.857424489476464
2.7888257070021196
2.6798601123419674
2.3782109022140503
2.122802285985513
2.0050557174465875
1.8977899632670663
1.8617004000327804
1.7687225097959691
1.8326507982882587
1.8335275175896557
1.8525407124649396
1.855389966206117
1.848336634310809
1.8336845067414371
1.8287476897239685
1.781654691831632
1.7906910939650102
1.8175182992761785
1.784235194325447
1.8534653268077157
1.7769377475435084
1.8372393534942106
1.8247809965502133
1.8422763401811773
1.801372922279618
1.843517455187711
1.7326105501164089
1.7677280367775396
1.7617040486498312
1.7311543036590924
1.8124437467618422
1.7586344094438986
1.6849720247767188
1.7365717217326164
1.694022524085912
1.7941391671245748
1.7079399221322753
1.7501732226122508
1.7234108556400647
1.782499408857389
1.8243502927097408
1.750941628082232
1.806421779773452
1.70569731566039
1.7416299811818383
1.7677128741686994
1.7352383224801584
1.6894278770143336
1.6635144644162871
1.6746297763152556
1.6317148567600683
1.5639504329724745
1.5634040548042818
1.4292346875775943
1.3917326365004887
1.3648799481717022
1.3314507759430192
1.3549705987626857
1.3161457898941906
1.328792113472115
1.3007945120334625
1.3097346147353
1.358383186161518
1.2844845937056975
1.3005299927158789
1.2735826583071188
1.25924205373634
1.2647347341884265
1.2300637926567684
1.2362349487163804
1.2110406722534786
1.1998824707486413
1.2470607107335872
1.232053588737141
1.2407444024627858
1.270638194951144
1.1830211667851969
1.2156924002549865
1.26001264764504
1.3050227083943107
1.2440885122526775
1.2062859325246378
1.2788097025318579
1.2827976982701907
1.299484020607038
1.3103825158693574
1.3484552224928683
1.3385287421670826
1.28444962000305
1.2650441209023648
1.2964888160878962
1.216171578250148
1.2503431974486872
1.2640324587171727
1.2509558607231488
1.2235876579176297
1.2380693019791082
1.2235576584935188
1.2179061682386831
1.2271120013161139
1.2793404283848675
1.2486049715768208
1.2011412199247966
1.177614232355898
1.1972048045559363
1.21379063075239
1.1925235160372474
1.2384704263372854
1.1952800256284801
1.2131654152815992
1.1589527252045544
1.1822943714531986
1.1684092886068604
1.1722936047749086
1.2353371225974776
1.1149360584941777
1.138979516246102
1.1639447767626157
1.1337016123262318
1.1238085498864
1.0936515358361332
1.0853026048703627
1.0830878642472355
1.1254154315048999
1.0965405689044432
1.1628550758416003
1.1752969785170122
1.07608516107906
1.0613975430076772
1.095309902998534
1.112595793875781
1.1278895322572102
1.1668053249066526
1.1049890152432702
1.0780211571942677
1.1285973170941526
1.1364866718649864
1.1171292053027586
1.1022291359576313
1.0691932568495923
1.0940482596104795
1.1232937330549413
1.110466168685393
1.135630303485827
1.1329467350786382
1.1090994660149922
1.091385399753397
1.1498486941510981
1.0945800989866257
1.1075132313099774
1.0993697900663724
1.069084039127285
1.085795638913458
1.038822052153674
1.0399196086959406
1.0367491380734877
1.0079282468015498
1.0278663096780127
1.0179880119182847
1.0386384779756719
