0.41083136714180873
0.28883051344063804
0.3325790556348096
0.2234027739847273
0.24465138397433542
0.4172489068302341
1.9720281160951556
2.555282159036552
2.8247716233159124
2.6468964379165847
2.554992770557109
2.6817041603821927
3.111543824490753
3.242980892132281
3.329335330636726
3.43815111889006
3.443480452291164
3.3757806057428894
3.3497551464358404
3.645715697493724
4.004402345523325
3.6316197680571958
3.770550218197184
4.2090098529283555
4.544242937332198
5.141583475100189
5.169236211701171
5.357312197184145
5.133613582150552
4.9792654462612305
5.318315205323487
5.215540886720684
5.256221009404387
5.261167741299073
5.573059173501264
5.058543712273551
5.441835808197193
5.289839024937481
5.861245386196833
6.2034906475021
6.119230293949213
6.13625942417937
5.970777627425556
6.317137495988205
6.361431419501412
6.56468305357105
6.464765152104007
6.320992241062852
6.279651987443277
6.19160800123334
6.531010167115524
6.674574095870774
5.90556457790362
6.214802180259202
5.869964364571209
5.839072630294071
6.268890710996527
6.727441501229678
6.235475493332463
5.915507637902635
5.817663260307582
5.817074866792975
6.217597104242387
5.624168659345223
5.796635692819543
5.855486780877309
5.778316654942253
5.511446419161891
6.041028352604994
5.85029645250478
5.613656526162686
6.003053067026783
6.00599133302213
5.54820659759146
5.348938807111864
5.577773967666165
5.632999461327522
5.671113866085405
5.607327542720585
5.613579511095624
5.692933218368796
5.031599967155584
5.7553838838926445
5.883643818905793
5.603652938740566
5.012869510479626
4.7703715674175236
5.361646714113075
5.287356089809918
5.115627539416369
5.655665519289219
5.907202068470835
5.068448140235421
5.595557599986365
5.477105151771803
5.610830008536205
5.549346873271058
5.182441544990126
5.6724304639368475
5.182381776196445
5.27761862425132
5.441989233137868
5.332210209242397
5.419812852039846
5.533532860082224
5.194319811684574
5.369150444107119
5.487887822955325
5.075924587756818
5.319134181991431
5.09224265928165
5.529625814392529
5.065287339677405
5.11841090039674
5.307124735117953
5.284160003898738
5.264837655104429
5.592556742253753
5.572004825448473
4.893735999808499
5.193936378236012
5.234574411440333
5.170570338537933
5.64160280102387
5.1650716883625165
5.399182273309563
5.208604067290595
5.600897139962064
5.834132889691147
5.220483034973447
5.302605314340266
4.820941419925562
5.430787705500191
5.047085511326491
5.541056951897854
5.205434186394957
5.390520932726108
5.32822994354668
5.091501101839035
5.0583977339862285
5.236023678095566
5.590368501835808
5.130544882103043
5.405387422161564
5.284883096180328
5.243346467278618
5.348169466224285
5.418647639447197
5.055481378191009
5.252543610816603
5.179718918806319
5.317335397328209
5.108845912932952
5.329006840329652
4.964527595430936
5.305396196243661
5.2065948855389745
5.0526474662578735
4.859381690335533
5.3890866169440335
5.127325894387192
5.640955226832971
5.175082845574523
5.335524782724834
5.171808665349545
5.250327211752646
5.266822609680707
4.987810717511913
4.784936202974295
5.306726402546387
5.024000339700939
5.073741983432786
5.384903844840532
5.005616840518843
5.418722009092097
5.207574775012162
5.087011599461171
5.03128496177799
4.740111060894162
5.225340416274337
5.134086112512759
5.170550921144239
5.088861724652282
5.090202304797932
5.203323284768382
5.038147694722526
5.125785218217753
5.20692594221376
5.106242091930142
4.8888293632474715
5.114815745530674
5.3210158338638225
5.448400429679117
5.078530299305617
5.3057855929405715
5.2260576875832205
5.199225741838593
4.902239530160091
4.880345038367471
5.170191416748372
5.271000869329817
4.837314585579545
5.134551465909018
5.040920960346393
5.069137348046991
5.092825229909641
5.255193924635425
5.189454093985601
5.185839628556851
5.334931483360208
4.8260994630619525
4.8157044871336625
5.4370667502917875
5.4871123175108005
5.03624470120574
4.845600174057971
4.937982955657014
5.154877376417203
4.9111611138193485
5.238388305460044
5.186912632664608
5.180751494410836
5.114907697501831
5.361584873076177
5.126147054601849
5.216646480301801
5.386956378457146
4.899790174121952
5.027537831572118
5.0915294399949484
5.122339615730368
4.65829767586292
4.980648793162059
5.1410943421848225
5.227249793552975
4.961395913108972
5.230079593908996
4.899021102151242
5.133214365103724
5.283667996239921
5.189654308423288
4.881833287752897
4.99307261798857
5.062398120151946
4.774336600770942
5.076805307479378
5.095366993678223
5.188243324404661
5.095847859295136
4.6597187251126
5.05924511423103
5.003244592111443
5.179379762809807
5.28446142364284
4.661695687844417
4.49811350389557
4.833307720900974
5.379683815508311
4.783481640553256
5.428938030798898
5.075985311517326
4.939251694060843
5.055839397491665
4.954469921789734
5.271641958048186
5.293255503969057
5.123937555011657
4.931177071624243
4.977879629968304
5.299350336156754
4.699760684776147
4.969894661865601
4.8704905751548875
4.968721811626234
5.306495728544437
5.175885937331218
4.9540676614758965
5.021501194098475
5.025659309912961
5.177694449184138
4.899683030423171
5.069716115809163
5.417827572247901
4.801244285178244
4.982093124612358
5.010029918358065
4.771222193903283
4.641020886842363
5.050872299748724
4.975947112516128
5.243703192576853
5.003975895218694
5.155758002929831
5.199456568008865
4.908467920598037
4.713377202123876
4.90505292865015
5.194395085043267
4.97381792016781
5.0691252155439175
