3.3853907750518273
3.3512238517592636
3.3475085587801376
3.3465629911832506
3.3447770496423566
3.3399395309810407
3.238846534336919
3.103146275610866
3.02156008898098
2.9783023280997245
2.9476023047345348
2.91275216306708
2.8149958028423887
2.70565446682377
2.6524544147917624
2.6209743262117806
2.595202616285195
2.5763692110268743
2.544186753866341
2.5029627554674554
2.446675095953634
2.408977142006033
2.3637688917704582
2.216061159234599
2.097416356142929
1.9743936765472
1.8764410444308297
1.8115561799062516
1.7450337906664968
1.6609503995459982
1.576222194190761
1.528899664110351
1.4905381562553377
1.4627866203992108
1.4488737190782803
1.424317033728934
1.4010293406819667
1.377763220475553
1.3233052721340324
1.249644910894073
1.2016219474774659
1.1644059682409493
1.1438785955795665
1.1240590633449703
1.1003635369110134
1.0837920925380133
1.0471812807477816
1.0297262503316695
1.0035629447510455
0.9907303186421375
0.9622702892001272
0.9482172664573517
0.9274857298663751
0.917404845493127
0.9007531712112445
0.8958195995429157
0.8787623705382303
0.8723094201749774
0.8675747976802638
0.8514199035259731
0.8590344779611105
0.8488418495056655
0.8299717186434242
0.8334924965800115
0.8222182783540966
0.8176216366890752
0.8106401925839208
0.8040045200314924
0.8023260976230443
0.793689797892445
0.7984135952535389
0.7894936829069564
0.7860457949018173
0.7701912564675848
0.7830871521995689
0.7703899917197966
0.7608672889050382
0.7697894817898859
0.7602250464184355
0.7563537639292505
0.7536310156457439
0.7492566662715412
0.7418377601446681
0.7529917407525283
0.7353717653402738
0.7339633833970141
0.7435673174559216
0.7300842805849288
0.7245573971683243
0.72799613288473
0.7215477167795762
0.718726372636693
0.7151264826201951
0.7183077266817609
0.7093926688208779
0.7127196459624829
0.7048315843306823
0.705268134220839
0.7022094794777337
0.7021389274614405
0.6965215464655268
0.686691912837543
0.6875675226840068
0.6925173775591348
0.6843515878045011
0.6939957492381778
0.6829348731302757
0.681078991250409
0.6806315268643831
0.6778071258634292
0.6727613311780782
0.6752804303832699
0.674999557052363
0.6775607565279922
0.6741059095403245
0.6720656737219732
0.6711743256312701
0.6588511817770104
0.6618120638487723
0.6644986925631164
0.6552563626636767
0.6539631498094113
0.6524066935496512
0.6537769233248696
0.6517493113491223
0.6476314938778995
0.6471137725636963
0.6515031888310637
0.6432461579513329
0.6403603640036504
0.64120674310139
0.6435597803229737
0.6385739758547714
0.6386012366541313
0.6311296099018651
0.6297396108571122
0.6335918671550472
0.6299632451752494
0.6302963747787632
0.6293206224905291
0.6292378283745432
0.6257002484609804
0.6227506533063885
0.6234384314162785
0.6280784612624939
0.6257526404843651
0.6207737661313757
0.6192283794403791
0.6136121864761797
0.624788586056878
0.618694811474007
0.6106605229688656
0.619761744469644
0.6144925721620834
0.6120431424000305
0.6161558566371833
0.6090656944486165
0.6131625840672366
0.610426743978401
0.6097668439308401
0.6063078865439386
0.6074995495721468
0.6103158203889787
0.6024292757527074
0.6006373865691235
0.6058993387915008
0.5989516094629834
0.5946697889945465
0.5978749034520533
0.5952389698743398
0.6042285420863401
0.5988726776279738
0.5952343639662705
0.6003662909122821
0.5940378370738391
0.5915530954989807
0.5922582041126142
0.5921708332810943
0.5976468138960793
0.5833461109628587
0.5880645054852779
0.5858262396618152
0.5856520837357581
0.5898284115036486
0.5847540521724148
0.5793080600030652
0.5863661610515913
0.5825091051528503
0.5779643535955494
0.5794765372146868
0.5813718550593218
0.5832148130895203
0.5754879595654152
0.5872160399810563
0.5778857268857495
0.5704106084037942
0.5707780772993142
0.5718369538218795
0.5739223491306471
0.5747548636237558
0.5758092104291025
0.5770448794096298
0.5700009724336405
0.5696596673266362
0.5663905711449473
0.5732818847584896
0.5678279083270426
0.5656667950940057
0.5711895164380277
0.5705005798385699
0.569044658890071
0.5679334023691203
0.5612515553683672
0.5583022907101886
0.5666412301854472
0.5593002156091897
0.5664433358050909
0.5639521684291792
0.5657663334320095
0.5609470995463448
0.5656418007102446
0.556077637092395
0.5617279978114575
0.568796144628928
0.5562145102562317
0.5582850114285515
0.5592638900621154
0.5538606639896079
0.5551785538335108
0.5604539479236619
0.5563330677932614
0.5543535597619346
0.5530723413484774
0.5518050219031803
0.5497375280295107
0.5576037585962975
0.5535481382710695
0.5488316212705694
0.54565323785795
0.5477648475390959
0.5497670345320381
0.5440579360779596
0.5483187733535926
0.5535966479962039
0.5459367553268378
0.5481697073649163
0.541567586731283
0.5467230018912779
0.5456657341005955
0.5441843962916539
0.5451523393063278
0.5412205058480167
0.5458934153188154
0.5457597689362896
0.5525770082779137
0.5454621414966854
0.5411271289236922
0.5395752264514755
0.5459583897518113
0.540960669911846
0.5454725528979688
0.5406207087956741
0.5430863727498487
0.5389093995508955
0.5453318965628534
0.5362619664354875
0.5392383956401837
0.5392407002325127
0.5384721121518418
0.5369115949547025
0.540222291357113
0.5339613538324354
0.5366685091067004
0.5313948114195391
0.5308084890780971
0.5319201517253077
0.5379943299091882
0.5349020565365918
0.5325032886615181
0.5255248868201996
0.5323430734211809
0.5326484789173171
0.5315286347663121
0.5347284285193852
0.5339427126037718
0.5248585421982769
0.5265087216519314
0.5362037862287083
0.5274085860804604
0.5238830329345463
0.528494433119391
0.528334692606349
0.5235962219167384
0.5215817965397388
0.5311858056593585
0.5257360222044981
0.5302713943355455
0.528252016057293
0.5247546763036997
0.5289962131872036
