4.138775249178617
3.8348183746699536
3.779672602744695
3.76649737436146
3.748428881209018
3.7521070155582263
3.843481695386954
3.9324081944111926
4.042575417786467
4.102277150731053
4.1459441145320755
4.163796752199374
4.1084702418520775
4.011434826482092
3.9693051854839854
3.9586040428269853
3.951930019901355
3.947795629436299
3.9360727527882746
3.8803665124773246
3.79141205580949
3.739588617904501
3.7264983287174367
3.7008597739899636
3.6227802303734653
3.498210291016266
3.384625800552545
3.3015736970613996
3.190149320064634
3.010781575820079
2.834653116348999
2.735012144220264
2.6619768110828663
2.6211352878435785
2.604361348808454
2.5757566812239734
2.5526850538516563
2.535602497820346
2.475907662493391
2.3863787913676937
2.337151207697536
2.2984324252031425
2.287394718020695
2.2734743374266575
2.249783175197472
2.232013053920711
2.184416576421142
2.1562971241427644
2.1205549319628525
2.1011491021523288
2.0513571656070617
2.029491518841745
1.9968687718861946
1.9751918759974982
1.9479545561032445
1.9378243694687878
1.9063781814187533
1.893804168671902
1.8833629218931331
1.8556611504598328
1.866153452263378
1.8453718662554661
1.8158287266204536
1.821537131454037
1.799087152525309
1.7934206347399821
1.776410505124775
1.762799609034274
1.7571431048780521
1.7439423066632125
1.7523294012602801
1.7353510543441824
1.729938839926204
1.6989822089306217
1.7191085972348203
1.696771954891708
1.6824621334031697
1.6945472296645967
1.6774519429722647
1.6675442248082815
1.6639276869445654
1.654498458412721
1.6404083659388393
1.6588109049200606
1.6283655300697808
1.6234410116607798
1.6386507362058196
1.615365376870542
1.6087578617197935
1.6121319070257183
1.6034751800410403
1.5936724394539534
1.5888865874744083
1.5895471126511906
1.576469872190038
1.5796954651969042
1.5641742136383785
1.5641359450335457
1.5614224296038286
1.5573203352297365
1.548854031003102
1.5320257570535094
1.535963942378235
1.5403014706192881
1.5254651414975677
1.539356473238272
1.519656835872664
1.517691902233949
1.5178080917851953
1.5110817102647025
1.498827513877992
1.503909451601174
1.5039190547867274
1.5058726423142177
1.5017649346233113
1.4987811882390834
1.4942393972463586
1.4721444205248475
1.4760667032555463
1.4801851710036058
1.463852788892714
1.4609481497995362
1.4591213650030876
1.460340127046039
1.4584841569665834
1.4470325315361248
1.448295954312525
1.4521098768072034
1.4395325276962554
1.4353231326438707
1.4352856269719867
1.439778843122458
1.4290044627968863
1.4274299976006486
1.415764143133274
1.4114459743523822
1.4199012754445122
1.41306289338981
1.4109649524781733
1.4105849239790753
1.4079422307622627
1.4012973120830148
1.3964386878731045
1.3983861552207113
1.4041365156669992
1.3979405599293484
1.3889643817493655
1.3862636439261373
1.3762797906216324
1.3966674325069712
1.3869874949036378
1.3663483973154997
1.382829994300657
1.3747992611747697
1.3713140551088745
1.3777709315327566
1.363481321222313
1.3715044131644538
1.3685519084519342
1.3673596836798287
1.3565678472831781
1.3571095855413948
1.363283849782076
1.3489653802701809
1.343153397369606
1.3547802359422676
1.3424804104559906
1.3348921889124423
1.340944277071039
1.3360584490036773
1.350775407575647
1.3387040707102709
1.3336230948244203
1.342824845371915
1.3292438554220678
1.327370590230905
1.3277772730149053
1.3271387389762845
1.3357163431325398
1.3126640136075076
1.3173806941975936
1.3135515330530843
1.314943134280608
1.3205899816062827
1.309328217832279
1.300067756734072
1.3104241467436084
1.3056163180656573
1.298311382072747
1.2976434202672937
1.3026835650201547
1.3070904822389224
1.2912315353984933
1.308353776748664
1.2960386040298209
1.2829200489884296
1.2842729455809072
1.283495671117213
1.2855577831410756
1.2883845728199181
1.2887821566634152
1.2908804693174565
1.2807830037467072
1.2769060372135483
1.2721690378952053
1.2828584983345268
1.2726952319677913
1.2712841521927742
1.2776781611724857
1.275420488666958
1.2777301276417974
1.2691917920271967
1.2591766181445483
1.2560575087339423
1.2704943880152204
1.255122943222726
1.271061405602524
1.2630213429960022
1.2651305398354344
1.255601467929812
1.2632904271363334
1.2480655254405122
1.2573506314616918
1.270466269802517
1.245410016290066
1.2508667018465254
1.2510155640443925
1.2433137761231026
1.2441271505533404
1.2538378527717007
1.2441438373171638
1.2440311152098238
1.2402537994471925
1.2368235316921785
1.2327296325055008
1.2458650786625283
1.2396863381788816
1.2323942860823962
1.2248408735619611
1.23143761881766
1.2315148994877432
1.223040422969163
1.2309997669347326
1.2397150625442357
1.2259671727512726
1.2273240315444212
1.2186144577775544
1.2252450706021814
1.2241362949914325
1.2238723125566386
1.2222154143805914
1.2168544414846394
1.2225620600019758
1.2204599457976764
1.233068521449485
1.2211197807362486
1.2141183917673006
1.2124527602058497
1.2224883190558822
1.214637918282687
1.221332138954837
1.212313476639447
1.2152013832266473
1.206215181140616
1.21852434323797
1.203440716729745
1.2082069599438194
1.2071436840764922
1.2072191929901757
1.2024065022448402
1.2079777221711558
1.1955587779446295
1.2030076071195168
1.1949208873288397
1.1930921433925172
1.1956172911764054
1.2035753155710784
1.1990794329197048
1.193392549940353
1.1815514424750984
1.1933857380262487
1.193646766945604
1.1922906805330369
1.1964867508861836
1.1952335101783138
1.1785750791477223
1.1835527418743066
1.1986544795436986
1.1843680626307613
1.176797422107709
1.1847436802479274
1.1844270572852933
1.178521875680802
1.1720126478087607
1.1886571171972862
1.1799386531508906
1.1853236491090522
1.1844739433590898
1.1786722293688419
1.1857459758886162
