1.5118201420857356
0.4240616521774194
0.3389046757649153
0.3795170103892302
0.4362100003621517
0.4130837672796005
0.35213180383046466
0.520233004521101
0.4371605133398985
0.5709344912797977
0.26159770901386553
0.4389356535214644
0.4946277745259114
0.5370957133097526
0.3813813198835422
0.4853043754895528
0.3361220428576836
0.35865758397640324
0.4402455236667242
0.2842228443194658
0.33940536165848756
0.4612311529807555
0.3710675514661349
0.4481821656227112
0.2577191453713637
0.37431746568435276
0.388274969962927
0.32233383258183795
0.3478518946048541
0.27375397621056974
0.2681674315379216
0.2613870310477721
0.2529118183331612
0.28170540393927157
0.22047634117114237
0.20020873347918192
0.24669779722507185
0.2704279262285966
0.16548177103201547
0.3121627118342962
0.23521057191567543
0.19259034211818987
0.27591544542557156
0.20061835302756384
0.17201222899632576
0.21138232755355346
0.2651991813610762
0.20654481038069114
0.21726407225315386
0.25415277633911526
0.28218009838691127
0.2835450760829143
0.20574177266695562
0.28983441148048794
0.3407644973351405
0.28687830231128597
0.18379036700114226
0.296516158641913
0.2726066869038802
0.35812060649578387
0.23513951897621155
0.3280952274799347
0.402024208735197
0.3403202486343873
0.6178143926155872
0.3558254203735254
0.4905096995524871
0.49104617421443647
0.5603521649654095
0.5481288601190616
0.5535158178745172
0.7666266361872355
1.1321533918380737
1.1047965578543835
0.9518396013822311
1.0008267851976247
1.1202905407318702
1.159400041286762
1.2823171523901133
1.1660841764547887
1.3023346815353785
1.1158781754664886
1.2761868972044725
1.4136313933592577
1.2945237098596034
1.301446361419482
1.370246749657851
1.4373186643307025
1.5191214848787358
1.4375641896174505
1.6765074882751856
1.453100751607846
2.004938412935306
1.7570484204170032
1.7860069550000703
1.4549941496971326
1.6507221399209437
2.0080447655457716
1.9935692212520502
2.00508660536546
