4.891234960311499
3.849284529685974
3.78423387882037
3.858806487841484
3.753818866534111
3.7651210167469125
3.746580585455283
3.7552708937571597
3.7327029643914638
3.707249940970005
3.682313417777037
3.6879029396252756
3.7054099241892495
3.6286902335973887
3.6415091172242775
3.6011486603663516
3.5834828340090237
3.564799651121482
3.564350339082571
3.5311061357840514
3.5449279791269546
3.5411943074984427
3.553197279954568
3.516114204357832
3.498669300323878
3.4876527236058164
3.486878392023918
3.476632136564988
3.4938517075318556
3.471469445106311
3.4392590522766113
3.4628464503166003
3.4392620905851707
3.4598032939128385
3.4419371439860416
3.428518472573696
3.4224667977064085
3.434435792458363
3.447159993342864
3.4150187908074794
3.423185700025314
3.4163144337825284
3.4105050838910618
3.401249188643235
3.391484333918645
3.379254331955543
3.386195195026887
3.3819659520418215
3.3810679148405027
3.3831470043231278
3.3641469448040695
3.3586113024980593
3.337949636654976
3.3378126682379308
3.353765356235015
3.3366881425564108
3.3366815891021337
3.289336232038645
3.296835700670878
3.250072350868812
3.241250414114732
3.2066787695273375
3.202840652221288
3.1233598574613914
3.1133630581391163
3.070986325924213
3.035893813157693
3.020773933484004
2.9672493904064865
2.922346909840902
2.8719624739426832
2.833924039816245
2.8433531797849216
2.826766619315514
2.7321236041875987
2.7554643062444835
2.7367144364577074
2.6769534777372312
2.6487099818694286
2.6555959842143912
2.5933248828618956
2.5139872080240493
2.571849116912255
2.493610073358585
2.5094585663233047
2.4765742956063685
2.496145862799424
2.469056195173508
2.385345894556779
2.37048826003686
2.3141312843714004
2.390720408696395
2.2898153891930213
2.3238803836015554
2.275757997463911
2.3652095672411795
2.3637447892091212
2.2343501907128553
2.2948901851971946
2.2249423693387937
