9.596000738632984
6.419971625010173
6.308270851771037
6.314312256299532
6.229836109357002
6.130139210285285
6.070771902035444
6.069073768762442
6.015269022721511
5.953126185979599
5.894129178462884
5.8317144100482645
5.797656316023606
5.6634117884513655
5.649073710808387
5.536085183803852
5.490504607176169
5.408186784157386
5.380811330599663
5.277634987464318
5.264452359615228
5.2008355886508255
5.1907441310393505
5.10447864043407
5.048596816185193
4.988561238998022
4.962433588810456
4.910369371756529
4.893952553088848
4.839132418999305
4.784148142887996
4.746416623775776
4.736735863563342
4.708483426998823
4.6546846353090725
4.6230211563599415
4.608657946953406
4.5772618024777145
4.560144889049041
4.521215151517819
4.524303320126656
4.480839677346059
4.45865028943771
4.433779942683684
4.420106432376763
4.384445826212565
4.384371305123354
4.3802327284446125
4.367455803430998
4.3538080392739715
4.314993005532485
4.2992758231285295
4.286546288392483
4.268819744770344
4.274292117510086
4.247958867977827
4.260246817882244
4.2045923593716745
4.221489377510854
4.184331793051499
4.188582466198848
4.169548655167604
4.1962632307639485
4.162968491896605
4.172090551792047
4.16604335185809
4.162129989037147
4.197226512126433
4.167969599748269
4.166241089502971
4.16167599726946
4.174688522632305
4.163255859643985
4.164622508562529
4.114983421105605
4.143293738365173
4.119166646248255
4.079545598763686
4.074846836236807
4.084088820677537
4.047615228555141
4.022769607030428
4.046081692744524
3.9870405747340274
3.9943296634233914
3.974958899693611
3.977481429393475
3.9415726631115646
3.926097781230242
3.8905819471065817
3.8665232750085683
3.881191699932783
3.8349518164610252
3.8388825196486254
3.8157159915337195
3.8421240128003635
3.83571925224402
3.799354299520835
3.811687331933242
3.746310298259442
