0.5533762030706616
0.4023084763534561
0.522584813152382
0.5530989291911612
0.4985346496105194
0.5052463024078246
0.2731802089658672
0.22851472280785173
0.5201254493010068
0.5551961398793605
0.39912428926370425
0.2967004409295046
0.9409172687836305
0.5195609828035435
0.5733428339442175
0.4499012058626913
0.4627294663436905
0.42272048161359493
0.7535949594272162
0.6899130221359238
1.1464448572399621
1.6763979707786698
2.5640418226112107
1.0915984471957525
2.1527362572167346
3.557886024276336
2.4228839253137013
2.518150870212333
3.721328361239844
2.2113444210293296
1.9013059316035024
1.729742978999992
2.857127536274866
3.336558727080932
1.8167793148744082
3.635942433305637
3.806838407306251
4.2346454493268455
3.988597167039921
5.119656474413518
4.7861561273525135
4.465461414180442
5.793119561457204
5.401398469546515
3.26531101610952
4.67679951950639
4.559287608267072
4.383524696908159
4.521865672721175
4.6423694284741055
5.038742199211656
5.735920105286256
4.464987773933487
5.621238438065401
5.026586626717944
5.293685381780406
4.680409577184307
4.879546311670889
3.894509284434194
3.5745154043476663
5.223632373408469
4.420019748932374
3.7771349990057326
4.386308775636142
4.061481601967363
3.7116776243718212
4.376210996765412
4.792756915331364
3.7115794886090234
5.584244279440993
4.48295437453505
4.239875207205335
4.340668942025286
3.9157413829543546
4.022672323521249
4.290625120690447
4.610674272319358
3.6645816189492635
4.36898462996932
3.7305411886356636
3.917510702997028
3.8976942728421013
4.126984621575457
4.072141909647083
4.010074315902465
3.7338562761853358
3.4541671715661852
3.8724848258949236
4.1775697070754365
4.548492739816945
4.394504256621152
3.590622017999928
3.999053907776643
3.5936744686119066
4.390108902612048
4.4776984594150155
3.9154488505246885
3.189802542000352
3.708587010542233
3.770934261157661
3.0710351524467696
3.0310620841139064
4.125261456311824
3.326320431275454
4.20375787519023
3.9806949643190497
3.176828099157146
3.8040347266531658
3.3496422203843723
4.114689045774196
3.9478001097639
4.475359246343793
3.457854163909484
4.1546816324184315
2.94288372085663
3.740867547377317
2.8978320013783976
4.29628960833043
4.742623640683466
3.641898239781718
4.923314117477509
3.6017663316401785
5.3216996923955024
3.147704565453386
3.3000540848007662
2.8686078765349303
3.6072432875394345
3.338280862701202
2.735041756429271
2.4918810654737666
3.0248519552494577
4.597999391670457
2.3155309606888492
2.803057332793792
2.4179900758013217
2.4859381152059368
3.3058385137087836
2.8898692322159576
2.5949593338077674
3.5339890223944592
2.973355719465053
3.0368391335129976
3.626840494438737
3.3849608692711963
2.5887873511992856
3.8903829463737045
3.6155366266896585
2.449975066290112
2.5504529562168465
2.26068104173473
2.3796356412356268
2.9007010918580938
3.098806020969857
3.3127822966757186
2.862601582655209
2.9078046195731613
2.9590759764692347
2.712000241499387
3.0013603361431724
3.268101442791895
3.1782436303958623
2.8780428670451252
2.6294065181143536
3.2214887495748026
2.706955341155639
2.951754540861967
3.0555120646834135
2.841798129205952
2.6435254064494957
2.953091672522749
3.088975440524145
2.716944334263314
3.2863724203052405
2.6614572791632765
3.038351146396033
2.69849780231774
2.779785336855657
2.7353415192965276
3.308587242940624
2.819086703604352
2.5242524225869496
2.7385884716897784
2.5640446205655176
2.4943573892952684
2.4387610474664845
2.4863910488709657
2.689067949035125
2.449795378711754
2.4018630907387437
2.6185866350640277
2.34481828413411
2.848727654837415
2.576846903932835
2.4292508077048107
3.0428764667205197
2.6043153960623577
3.020741114396609
2.637248851015477
2.867895264902669
2.490009215408432
