8.315468968063351
7.917731007188559
7.898123601805873
7.756324015654684
7.560130175300003
7.454162113077757
7.317376273107238
7.4075634863318465
7.281589170369675
7.203455876219806
7.217348199682991
6.990564791412979
6.928785689623375
6.90392727807043
6.92248787483791
6.801406332311349
6.807822527142802
6.62558681213456
6.6445864102099
6.521190333657149
6.464724554996786
6.370758647235428
6.496108827618806
6.333651226704441
6.351914980323092
6.396685447834614
6.244735746485431
6.126453957579485
6.086624364603341
6.0717824517408525
6.217060437350254
5.906555934777347
5.836664577724973
5.702925059296251
6.004971840020603
5.753760878087544
5.760021216016475
5.583225817711857
5.600777350511493
5.853630115346211
5.59874341023889
5.533937911180462
5.376575717124028
5.381832802271456
5.375066611958228
5.57265231503946
5.339038014387697
5.22192953924338
5.152519577499327
5.191335278095268
5.219812158937376
5.2048672355650885
5.148394495357827
5.000667683961915
4.846360671714069
4.798220038050559
4.8059503676930095
4.897552437547261
4.915587626845856
4.746968854067287
4.793918501749271
4.548379263378741
4.561227211549999
4.86503255959691
4.604159392137838
4.568380130621476
4.6791584938158834
4.624521678007715
4.399463943228489
4.377233925897901
4.408993311238483
4.381934415349146
4.045387733370308
4.3795117313784315
4.22208271663848
4.144189523472413
4.2442620475360044
4.010984960725395
4.097360424721629
3.8829763629329883
4.091978004090185
3.9510310752605036
3.988611884306117
3.9783682246760623
3.8757987576771558
3.735685888417368
3.8290751673099472
3.7229980698809393
3.63173694181733
3.6915669194566525
3.586460729197758
3.531949976849847
3.5910308707899192
3.4478168899935437
3.5155874946737677
3.4237785941459298
3.459185075493363
3.3690211407537385
3.356028452249077
3.2634249944997027
