0.47705343880171885
0.38634831887891313
0.3492746039108655
0.3230067421636675
0.303680128596893
0.28988421169573786
0.2757230142088977
0.264678056009041
0.25497254049739154
0.24546811181190348
0.23764134077082238
0.22921538962118013
0.22227419803604628
0.21451470384477403
0.20814048154249254
0.20325032209049218
0.1975643950293041
0.193104376670592
0.18841605424783905
0.18357447418308415
0.17955674114561238
0.17633517615569919
0.17288424863392057
0.16986803181396634
0.16651129671630333
0.16461737223382106
0.16205419915506816
0.15991533715095893
0.1578320870084949
0.15610402293430478
0.15397226031420674
0.15272257552278934
0.1512999833600917
0.15011614747952173
0.1488509835608619
0.14763670815124574
0.14624332635381324
0.14545293568545523
0.14465401769412456
0.14360496202781067
0.14286712787632833
0.1422689918198104
0.14139835110559137
0.14074592946358147
0.14042060628096523
0.13995718981476094
0.13896207996804863
0.1386084037951227
0.13811042801710605
0.1377221477318082
0.13750350738629843
0.1373973279123586
0.1364307763716297
0.13659274652114908
0.13664730169874062
0.13644201594862954
0.13605463092218392
0.13539672429379113
0.13553429926451332
0.13535563658668087
0.13521921970799614
0.13491898323697454
0.13445758710369612
0.13460961780252984
0.13449809958715392
0.13428865172915427
0.13390355329074766
0.1337683379455964
0.1336761359428738
0.13339143247625726
0.133226330534643
0.1330768080361503
0.13313833497925767
0.13279893075750007
0.13250450967092078
0.1325492070144473
0.13221117594440132
0.1321695699608287
0.13193177117538374
0.1316816998639596
0.13157512914959693
0.13172459052663285
0.1316629311233662
0.13123775443444421
0.1310345579533313
0.13098545567851502
0.13100478952259118
0.13093737840458314
0.13042258155753636
0.13044538966559044
0.13002454012583833
0.12998651283571697
0.12981495495388096
0.12985436888927357
0.12996001110839922
0.12946708314727495
0.12933116789652394
0.12930905488880914
0.12912044499421352
0.12906621151424774
0.1288332493690598
0.12874122307384053
0.12872388672556861
0.12832151372774417
0.12862340455528967
0.12815138243794053
0.12789526437363719
0.12825231076937157
0.12802031831603486
0.1281230932993493
0.12758363665654915
0.12754985627017504
0.12730619664446538
0.12749852601693584
0.1271789786967082
0.12716502937752183
0.12692035478615604
0.12699246711131026
0.12692845956170598
0.12651712187726646
0.12642455319434112
0.1264847708253208
0.1262721299566935
0.1259994921350324
0.12636918505404982
0.12609472076017228
0.12606520989624606
0.12568482425342942
0.12554717228932954
0.12528612936698263
0.12545952618316253
0.12555693600824291
0.12508303855306163
0.12514814484488304
0.12478439662763273
0.12495619746634937
0.12490003354580473
0.12513503300007858
0.12446911221655262
0.12483399378360288
0.12445567076243096
0.1245354200176385
0.12397008964409657
0.12411034561038406
0.12410211377452561
0.1239591078280626
0.12397557490957288
0.12415145998911671
0.12415392375293306
0.12406926991642492
0.12378657089867887
0.12391061259354753
0.12320200073553995
0.12358383935078347
0.1233286694881388
0.12313674010506281
0.12322537710204574
0.1234582292237577
0.12302886197155384
0.1229146898326734
0.1226412702582364
0.12274032040022871
0.12299585352114824
0.12275395317895016
0.12264430902728429
0.12252183956267003
0.12204165223998045
0.12238199053884329
0.12209201657519667
0.12231562003881613
0.12185236807997529
0.1215936197423003
0.12163447009866711
0.12192159872926796
0.12196021906861654
0.12173470044174878
0.1218184877660259
0.12180232353726893
0.12124254347010234
0.12159476741080563
0.12141930074082136
0.1212935894485017
0.12108263204705444
0.12082429529935218
0.12111968291067922
0.12099639579944968
0.12107383524119271
0.12087541258005055
0.12070984833840438
0.1207484025204803
0.12043497732048702
0.12069762043096732
0.1206720183187859
0.12013527530121104
0.12055470056661954
0.12023839445523796
0.12031606839611786
0.11997474444854143
0.12013441998911992
0.12037708015705942
0.12027465060644507
0.12010860117910739
0.12018819355954953
0.11958367757329336
0.11974243618280958
0.11950943825299266
0.11968555443401445
0.11937600035669362
0.11946653332015202
0.11977509238092829
0.11899806588208636
0.11937001351182158
0.11938362762768805
0.11920669929697769
0.11893140224903725
0.11886695321006184
0.11904014729521561
0.11873000288679468
0.11883874255739128
0.11871064722489456
0.11890404466357604
0.11820738015132153
0.11879613307526135
0.11846876923443829
0.11841821287082151
0.11846260602680014
0.1182898350715249
0.11839317359297205
0.11861533211720106
0.11847279470790092
0.11821921181892339
0.1179443607379831
0.11813401864046771
0.1180629802546206
0.11816788354360708
0.1178837246125024
0.11799317186983478
0.11766988927261837
0.11771829790323488
0.11740853705410072
0.11744653801236557
0.1175888128311704
0.11735202251942616
0.11802335822475461
0.1170841277810572
0.11738478781879919
0.11734421918902802
0.11744926854094387
0.117694563678305
0.11710828093732996
0.11769681878946114
0.11705732965653805
0.11707508391685517
0.11705510227270546
0.11672165914641917
0.11692685345096775
0.11635353374947166
0.11643171428129417
0.11690693315883025
0.11647275919003673
0.11633357826729551
0.11639900254358686
0.11643758178339719
0.11633283121917845
0.11610427064402484
0.11612300493478386
0.11577891841142496
0.11643263532595059
0.11608088000735164
0.1159871890412868
0.11576273651484169
0.11566541398532616
0.11550707905174078
0.11539370157674003
0.11555407207204386
0.11568856585151986
0.1155537055010516
0.11580816897827562
0.11550565665824405
0.11519204400455525
0.11534348079261252
0.11541027399781084
0.11534495569207381
0.114981791872155
0.1151706046433907
0.11525956378697573
0.11504319516474727
0.1154483986308598
0.11474660085059145
0.11495093957608997
0.11498393966582776
0.11483372917781047
0.11491012693373699
0.11465436068487866
0.1148551350720348
0.11516145206623823
0.11457772292075406
0.1145190123456503
0.11468891139333333
0.11461322401507669
0.11444717663846886
0.11481583608672363
0.11410828116759415
0.11394619220922358
0.11420075880539533
0.11420640463452386
0.11443770565213908
0.11484926714522442
0.11404080920722275
0.11416308602457714
0.11394326263850597
0.11399451529164267
0.11421761678756254
0.11404559136359234
0.1143245850158825
0.11384998253434411
0.11372934380115438
0.1144241331575942
0.11396712693309939
0.11379572756418577
0.11372679305727008
0.11315391122906526
0.11365438981970669
0.1131831813809926
0.11356693467410457
0.113506454707454
0.11333089158036033
0.11314911710808254
0.11330698379573294
0.11347613443623536
0.11340706635278677
0.11325190122867251
0.11319544685682956
0.1128117846937832
0.11342881513146702
0.11307535275622765
0.1133812517655789
0.11290102430197625
0.11286206221881441
0.1124849070822183
0.11280376085532216
0.11301887288980841
0.11299771656576507
0.11290275566401232
0.11247737124465187
0.1128704569966863
0.11247417664440525
0.1124171935968368
0.11282050298945523
0.11232298644144294
0.11193964104941691
0.1126835835606151
0.11220128733531272
0.11242812918044069
0.11224734769824661
0.11225094945937492
0.11225076518491736
0.11252418647031831
0.11193215336153095
0.112245035142386
0.11214097572266085
0.11171641269947497
0.11237799492740476
0.1116538300309391
0.11191255379625951
0.11185485363637586
0.11163326805451405
0.11200517076234476
0.11136854427839335
0.11186340218258214
0.11153176851594875
0.11183267028498728
0.11185062847764562
0.11101173599787566
0.11122518081327215
0.11144988377144749
0.11185126636383588
0.11104542717143456
0.11108764338668084
0.11089686527605554
0.11119407679922029
0.11083722058744307
0.11128802781967076
0.11078828051443597
0.11056692144721261
0.1108466017663673
0.1109530945287271
0.11127834744047653
0.11090872996162125
0.11092830758772378
0.1107179560252626
0.1102516491463596
0.11055703593436204
0.11065127817058408
0.11086518955735508
0.11074844392241018
0.11086036631358175
0.11057441561491947
0.1102270850311079
0.11043836092667393
0.11098331505438792
0.11029017999379953
0.11023063420133015
0.1103412324641543
0.11041835535329794
0.11014882348938951
0.11009862760524797
0.11042850344450932
0.11035667135340771
0.10962177741459604
0.11016099355168374
0.10999844975599637
0.11018218410714054
0.11073262967678933
0.10999651332097644
0.10943250173660365
0.10979437932420631
0.10935713857994794
0.10949529995019351
0.10965821208850957
0.10932893730724284
0.10966317359273131
0.10942880296017914
0.10964846510306632
0.10943430181629106
0.10955225534324538
0.10942216247854093
0.10902296925260889
0.10946362510517677
0.10888337044209145
0.10971149618977055
0.10958229961535053
0.10953198816226825
0.10898611874164899
0.10921673043494504
0.10900770542773051
0.10927196598159762
0.10884404045314276
0.10898113084489826
0.10952304067023413
0.10924197659381826
0.10920229475302105
0.10834495150499313
0.10944866175469048
0.10916833730008005
0.10929271654022633
0.10842507982972391
0.10845498161857602
0.10838545015512538
0.10894230306633909
0.10892742775162191
0.1088042202426867
0.10869673415047726
0.10868643328596016
0.1086419357005082
0.10827468540701493
0.10796878400716797
0.10837589988199818
0.10854574403322093
0.1084659073004311
0.10870239395854528
0.1082176781268578
0.10865356813181884
0.10798830261108153
0.10787110184759192
0.10861264607271465
0.10835215307359587
0.1083470301320382
0.1079978563910781
0.10845511287742018
0.10792164713241378
0.10777830269418244
0.10809005548152162
0.10783047804226704
0.10779329009523997
0.10713739053676882
0.10797955187990145
0.10791643996531879
0.10855827707469658
0.10748844096249012
0.1075958378904223
0.10754449185020372
0.10762836725878794
0.10737886828300619
0.10753983973922869
0.1080564489946109
0.10725711064006685
0.1081626798581417
0.10731525040847471
0.10806581749298673
0.10730357872206923
0.1073335067457019
0.10671238663093663
0.10784921715042102
0.1071975405786053
0.106712760664644
0.10702663643061144
0.10704391931429359
0.10725679178191319
0.10690380933812853
