3.859519942601522
3.481913462744819
3.4140644635094537
3.3674897872077096
3.362618989944458
3.3643106502956814
3.341153808169895
3.326438357035319
3.3138947052425807
3.3208796119689943
3.3146496031019423
3.3151643096076118
3.303955445819431
3.308029885821872
3.3125631671481663
3.2957794507344564
3.296241177452935
3.305976961983575
3.3039165592193602
3.299522640440199
3.303747731314765
3.2945579369862874
3.2970232084062365
3.293654663297865
3.298271622127957
3.282691060172187
3.2876731745402017
3.2946607049306236
3.2903288502163357
3.2917173608144124
3.283679495917426
3.2863243537478977
3.2848598787519667
3.283359954622057
3.281123808754815
3.2864866352081297
3.2883997768825957
3.291340457068549
3.2807655705346
3.2870339806874593
3.2749141354031033
3.2858098877800836
3.282378044128418
3.2817349772983126
3.280710021124946
3.270878973007202
3.2775817097557916
3.2781468317243787
3.273675083584256
3.277089238696628
3.2727525499131946
3.2793531068166097
3.2743337027231854
3.2695557318793402
3.2713438267178008
3.2728285217285156
3.268432610829671
3.2783186679416234
3.2714262845781112
3.2790767659081355
3.274002874162462
3.2658780903286404
3.2762549114227295
3.2700686030917696
3.2676194349924725
3.2748375574747723
3.2739840041266546
3.2684209865993923
3.2692242834303116
3.2713741302490233
3.269634355968899
3.270466718673706
3.2731869888305662
3.269666984346178
3.2657315847608777
3.2638736777835424
3.269803728527493
3.2693789037068686
3.267596519258287
3.2690723334418403
3.265625090069241
3.264606464174059
3.270198908911811
3.267559674580892
3.2630091540018715
3.2693344158596465
3.2677657985687256
3.2658368417951795
3.261894229253133
3.267877293692695
3.2616987005869547
3.2656468507978653
3.264351506763034
3.264948132832845
3.2601379352145723
3.2666656663682727
3.2638592359754774
3.2642150338490805
3.2562673547532826
3.262891777886285
3.2593349552154542
3.271718776490953
3.262364190419515
3.260849019156562
3.2585081079271103
3.2653555954827205
3.2629608058929445
3.262937535179986
3.2606161393059625
3.2587223434448243
3.2648467667897543
3.26191663424174
3.270806155734592
3.256269818411933
3.258973832660251
3.258515185250176
3.25640103869968
3.2544629711574977
3.2606962543063696
3.2563934665256076
3.263270150290595
3.2595805592007108
3.255126619338989
3.255446959601508
3.2591545963287354
3.2583814695146347
3.2641618707444935
3.2565681743621826
3.259348544014825
3.263004142973158
3.2510562091403536
3.2608415116204155
3.25510244263543
3.247793458302816
3.2608388381534152
3.2635738245646158
3.2537157397800023
3.2556280750698514
3.2549307929144966
3.2606801912519665
3.2548286724090576
3.2567148706648084
3.2620480749342176
3.2598060353597007
3.257867381837633
3.254389564726088
3.253215619193183
3.2584702820248075
3.256009092330933
3.2533422236972385
3.2588595051235623
3.2566715070936416
3.2548156981998018
3.2537241840362547
3.2555925962660046
3.2569053575727676
3.255677301618788
3.254231947792901
3.252214813232422
3.255972999996609
3.247228161493937
3.2525608687930636
3.2528954686058893
3.252506761550903
3.2516942850748696
3.251885249879625
3.2583754666646323
3.2511039214664037
3.2492645433213974
3.2500448417663574
3.2528469276428225
3.2506023110283744
3.255750516255697
3.2553325049082438
3.2524697992536757
3.252098521126641
3.24920244746738
3.2535837533738876
3.2520328182644316
3.25534743309021
3.252204588784112
3.251046324835883
3.2451431051890056
3.2545880783928767
3.254000726275974
3.253883926603529
3.2522108268737795
3.2486446709103056
3.255479142930773
3.25252225028144
3.255405813852946
3.251957711113824
3.2564395226372613
3.2495751264360218
3.2498434013790556
3.2534377924601237
3.2512089506785076
3.251568915049235
3.2486173799302844
3.2522730933295354
3.252662304772271
3.2499641047583685
3.256131248474121
3.2535226016574437
3.246625641716851
3.251571414735582
3.2556281725565595
3.2416685676574706
3.2466049120161267
3.2456650755140517
3.2453449874454074
3.2547704452938504
3.2390948740641274
3.2490547847747804
3.2561953936682806
3.251975432501899
3.244651811387804
3.2515083270602756
3.245561280780368
3.257608093685574
3.2451724327935114
3.2576784398820666
3.2492817952897814
3.250188326305813
3.2546886836157904
3.250477352142334
3.2505419466230605
3.242887388865153
3.252046227984958
3.247231837378608
3.249347792731391
3.248798215654161
3.2468135282728405
3.251005653805203
3.2489758608076307
3.2482976002163357
3.249249110751682
3.2496355756123863
3.2444997257656523
3.2447915765974256
3.2460035769144695
3.2481171300676133
3.2433349090152315
3.2450636365678576
3.2476796828375925
3.2470096842447917
3.2527520211537677
3.246306898328993
3.2419891866048176
3.254011418024699
3.240865758260091
3.2458736027611628
3.2498522016737197
3.2459266842736136
3.2483749379052056
3.246382082833184
3.248592406378852
3.242305220497979
3.249240436553955
3.2456012121836344
3.2526347976260714
3.2448998249901666
3.2507022137112087
3.24400985399882
3.241544115278456
3.250500445895725
3.2427214325798883
3.241734867095947
3.2437623087565104
3.245133509106106
3.244694041146172
3.2398733605278864
3.246358682844374
3.246543927722507
3.250898968378703
3.2495617538028294
3.2455589124891495
3.24397714720832
3.2477349779340954
3.244608209398058
3.2497393618689645
3.2510757562849255
3.242009899351332
3.2401944732666017
3.242462961408827
3.2404120455847845
3.2417562294006346
3.243558056089613
3.238393726348877
3.2451817088656956
3.249887607362535
3.2419508510165747
3.2417007276746963
3.2407357745700414
3.244977511299981
3.2446623018052843
3.2426658238304986
3.2449373541937936
3.2425620449913874
3.2447916889190673
3.240831129286024
3.2415662225087485
3.245245411131117
3.2415731292300753
3.2441090721554224
3.238695511288113
3.2438424968719484
3.232367686165704
3.245051449669732
3.238225623236762
3.2337196752760144
3.239303470187717
3.2395524395836723
3.2436505349477134
3.2387685945298936
3.232304827372233
3.2421416494581434
3.2402338547176783
3.234851589202881
3.2420056184132893
3.2378845765855577
3.2402227931552465
3.2384990628560386
3.2350589815775552
3.2412814331054687
3.242211334440443
3.2415544774797227
3.239027910232544
3.24465726852417
3.2403842639923095
3.2353965865241157
3.2408024395836725
3.2430612383948434
3.2369217915005155
3.2409730052947996
3.234450520409478
3.2372496202256946
3.232575273513794
3.239658604727851
3.23636967976888
3.238916949166192
3.234713501400418
3.2378667089674207
3.2349422285291882
3.231878488328722
3.239891062842475
3.239536622365316
3.2395141251881916
3.238454846276177
3.2369532447391087
3.2373559803432888
3.238700198067559
3.237235572603014
3.2375899844699436
3.2400284915500217
3.239144009484185
3.2406586403316924
3.2376769892374675
3.2370861530303956
3.2364726617601183
3.2356450080871584
3.2399592463175457
3.2361847601996527
3.2376520040300156
3.2346613110436335
3.2384332794613306
3.239873374303182
3.233682615492079
3.234085662629869
3.232415525648329
3.23797340604994
3.23459710015191
3.231355368296305
3.2372636392381455
3.234937476052178
3.2324173736572264
3.23454080051846
3.2337484783596464
3.2389530595143636
3.2355184819963245
3.2404582118988037
3.234505868487888
3.235814979341295
3.2399396387736004
3.231518941455417
3.2354400497012668
3.233066991170247
3.23643060154385
3.231685636308458
3.2337518702612984
3.232459284464518
3.2373789501190187
3.232051592932807
3.2366040971544052
3.2345325173272026
3.23321428404914
3.2333381419711644
3.234374202092489
3.231678246392144
3.23595925754971
3.233341178894043
3.238046800825331
3.231197343402439
3.2303192636701796
3.2365473885006373
3.2316939703623455
3.2331955496470135
3.227595287958781
3.2328350332048204
3.2347807449764674
3.2337295712365046
3.2307927174038356
3.2312791644202337
3.2306252808041043
3.2315347046322294
3.231496890385946
3.232180509567261
3.234243295457628
3.232600612640381
3.232932300567627
3.231142782635159
3.2302446428934735
3.2338491376241048
3.2335192998250326
3.230080953174167
3.229462045033773
3.230455306371053
3.2267443731096055
3.2289888625674776
3.235246318181356
3.2297625796000164
3.2324584992726644
3.237199963463677
3.2300868935055203
3.2293531778123645
3.2311838404337565
3.230007456673516
3.2323020956251356
3.228879444334242
3.2287476444244385
3.2313497140672474
3.2286548709869383
3.2354762109120685
3.2321857261657714
3.2328359572092693
3.227542380226983
3.228469370736016
3.226553823682997
3.2296954049004447
3.2316859436035155
3.2286625480651856
3.23001607577006
3.2307282331254745
3.2306085215674507
3.2326826392279733
3.2305870649549697
3.230255044301351
3.2271546512179903
3.230267972946167
3.2301446109347873
3.2296662584940594
3.228631337483724
3.2301509719424777
3.229911430146959
3.2355357117123074
3.2332213709089492
3.228676487604777
3.226870058907403
3.230265812344021
3.2269935946994357
3.2316092999776203
3.2325944179958768
3.230070758395725
3.2353649202982586
3.229742069244385
3.22591240035163
3.229877754847209
3.2287893221113415
3.2259132957458494
3.229702272415161
3.230825652016534
3.2307182396782768
3.228343211279975
3.2288335386912026
3.225408670637343
3.2302314482794867
3.226251864963108
3.2298106055789524
3.2283692264556887
3.2302922280629476
3.2349217870500353
3.2288823371463353
3.2272587384117974
3.228421049118042
3.23091334660848
3.2279960367414686
3.2311654737260604
3.2330466132693823
3.2261290656195745
3.230281550089518
