0.5117271819668925
0.5847462808679722
0.41467762739959363
0.4290599076446885
0.36208728720286565
0.5530084518488041
0.19424460523711418
0.44411467657777254
0.5264824269290916
0.48573075094538365
0.47569310426234246
0.3491368865919018
0.4083350920724964
0.3090248611981501
0.3263858365630339
0.3254806320509595
0.3723458979196682
0.5041878592514084
0.4258898365832044
0.3797778126471984
0.42334630709134025
0.42139399947527656
0.36364000301083965
0.24480610354271584
0.4404633200479175
0.4226514721561768
0.4791671167275232
0.35081806271252985
0.4221746381633506
0.4675520967863844
0.39811760145342184
0.44590698119872557
0.4746489120509199
0.41389367050063874
0.5400109798731451
0.525758031613841
0.34173126420181593
0.5471475506593326
0.5197465528467137
0.3842922358928558
0.3656897067068096
0.38890614872705004
0.41472224386517176
0.4350343414083989
0.3393436436782141
0.6750806535413126
0.4642155395600504
0.3953648790687263
0.44351980968085464
0.5717289250694917
0.46241336499521873
0.47625567511709516
0.471244220444578
0.3125197106826759
0.43883181370809704
0.3998587197196746
0.328595231255453
0.47049872048632174
0.4437695373155789
0.4102520605844104
0.442649145045118
0.4186895667670485
0.41925036793720266
0.3535844205257171
0.44740310651744775
0.5517950935927565
0.5045079170224184
0.5440293931531046
0.47563868504249024
0.507763087032792
0.4974880904138447
0.46006325854806
0.6488284552264548
0.583086853275796
0.4958193793086585
0.6563126994278244
0.5247934607561222
0.5645532833789298
0.5823104572678377
0.6160260116408965
0.5721501606499743
0.5682443358855161
0.5769579104765623
0.5166972786008953
0.6547536637357815
0.6129433248707192
0.6467519035798036
0.7357177448893836
0.6762307237288756
0.5152659862934946
0.6526748750635044
0.5601787660308257
0.5167742659429271
0.6182335488543004
0.533164806021956
0.482917912677677
0.5863984537745764
0.6389277400616893
0.5665483254946784
0.6446754336357117
0.5908529919708421
0.5324935588186872
0.7108670493404946
0.6372375198022158
0.5943213899532157
0.5832129144716358
0.6173985611221834
0.8575668798419899
0.6149398776476751
0.6700291447266787
0.7298336328867681
0.5871562683032844
0.6248600160430572
0.8097291696286631
0.6166462523187091
0.7099224989543219
0.6415576197819146
0.7352874453416568
0.6529930094201005
0.5058465258391921
0.6713484526875024
0.6418903858245972
0.6795226830041002
0.6821674972115633
0.758155519952755
0.605436225334007
0.7113450113422646
0.7384960733816953
0.6735696828436994
0.6703681640013426
0.6296671243134386
0.6669717620991036
0.5603833930764743
0.7205906082728583
0.6931393705532403
0.7395395599529595
0.7691956421655262
0.7321211934567453
0.7461034560012435
0.9067985705717772
0.6656689759724603
0.8345458797796934
0.6505271054222015
0.7523105467010834
0.7765209463411916
0.7847448722394053
0.983731547553458
0.9448959755754184
0.8726325466303166
0.5198689179573365
0.6444487306541336
0.7282326914265543
0.7169065885171145
0.755655526398179
0.6246150733234888
0.9017281670847493
0.6219620014240365
0.6389072996103214
0.8591418514748613
0.9131016118493013
0.7958797966550013
0.8633222183388077
0.698820969145857
0.8600529218484501
0.7714244130857005
0.5848575486448819
0.7390915476726386
0.8900436693298553
0.8569859963858534
0.8843981658289571
0.7410545325231457
0.783509326124478
0.6545439466445861
1.1969194835078023
0.8663067350645581
1.0628377606491288
0.8671010723094902
0.8108373627156198
1.043434913148861
0.889031486544676
1.082745639857405
0.8753533560431792
1.2545595575191215
0.9190029371716455
1.3534202993752245
1.5136908400273754
1.3132430549136145
1.2752587373605473
1.0488360030856543
1.2384891887466034
1.2931861717380837
1.5322867075283686
1.4277373253701924
1.3995883935439084
1.0828064608430576
1.6114468942424338
1.19183360407491
1.671780032003093
1.1479130457780644
1.7881982665740417
1.6233824231103808
1.3759971075879787
1.9115733526990504
1.9010423424248706
1.4721345180022214
1.826819847246449
1.6243594927873783
2.019604060836211
2.22258870276755
1.8923470092440893
2.673890263857488
2.243135940096899
2.4953186679220867
2.1855769155020703
2.022664168076907
1.4036362003945635
1.532198553094883
2.4881092264561473
1.872946097760019
2.1872374966053783
2.162290867201551
2.0452006247812857
2.432563378720102
2.575463239558952
2.4202061506932626
2.1520903581130004
2.8558418769874647
2.4757772036688124
2.7611481049256716
2.608944776779664
2.1317948241510947
2.466667342042636
2.6404497671222877
2.7778257783763634
2.3257097760756653
2.5287616706802276
2.4971731657494525
2.1783142338295978
2.1205490545662706
2.0895840653436695
2.1449687760435268
2.5291038945108233
2.3184095876728126
2.35491104689772
3.6352897526505954
2.7065508150624367
2.4887021108715235
1.7892801508397043
2.3635262332125033
2.0447248098606576
2.9364237383993452
2.912474998730218
2.963225117188417
2.6817791213492352
1.7445359982565076
2.432940350744672
2.2884650956652686
2.1868977900258524
2.3114691416103996
2.119086414157508
1.9148815425937782
2.2110321839491207
3.51808478693685
2.5013254548839194
2.6783547511320553
2.5924703035660404
2.533788719970382
3.3740958598907103
3.0303577430740387
2.3203270779344027
2.655665361092898
2.231108605264423
3.6297737247719315
3.2152356437308516
2.4260911673964385
2.5277291027481903
2.486614238284155
2.9511488630680858
2.5552456577220757
2.5756375242569645
2.9491105610000825
2.5386558333953064
2.807050234807995
3.1599763925663216
2.47844691625339
2.891799672572073
3.220657112603197
3.2986576724386882
2.7818265357810654
2.4820879415901964
3.037915646432636
3.4659326960424144
3.393620672111282
3.1483316689072725
2.9119467983742755
3.4567659336006
3.6711234683264236
3.5244508855089633
3.100053770986492
3.836359569209372
