3.8674979018148528
3.66703645134157
3.529658000829608
3.4655652630698772
3.4336430314899413
3.409190650596175
3.3863590253415956
3.3815369210964024
3.3733622487201247
3.36504157800083
3.364312756662221
3.357217918763789
3.3629318417966827
3.3623487979404687
3.355328774267389
3.3530673433181852
3.352499947991482
3.3541704310003175
3.3529895911383076
3.3476731342862744
3.3496387667896212
3.350354795308076
3.347354623467423
3.346491122892661
3.3474351382532785
3.3486826096394267
3.3435540716777474
3.341134924297185
3.3382253344206845
3.3424730654372725
3.342399628818497
3.3397342659706295
3.3390609471834907
3.3385399949643038
3.341390513634497
3.334494487490765
3.337565520475077
3.337421172118002
3.3370358562746714
3.336521248253741
3.3341502159140832
3.334453382695368
3.33543708204299
3.3296407883943515
3.335837153270263
3.3339076860006465
3.3304471496001695
3.3311987052592196
3.3308553889740344
3.3301006828167643
3.329959819945254
3.334251811800077
3.3274760652882183
3.330310866814251
3.3257558260315148
3.33058759339096
3.3235404976578646
3.3230188112388284
3.327031908571258
3.325219093136085
3.3255018386267876
3.3249076216719873
3.3244974578535835
3.3228528092997944
3.3222483562868694
3.317565987738528
3.321497765160346
3.3227033538873805
3.3161591007265936
3.31863273876582
3.320341066103573
3.318121937356254
3.315708352382793
3.3152419266312623
3.315377486537593
3.3160152474577114
3.3154461984486545
3.3140049410420795
3.313278478014377
3.3118376228236412
3.3088286999584167
3.3114221504954404
3.3112082326597023
3.3107476056546203
3.311942905187607
3.3088011037009633
3.308180318784344
3.309166836646176
3.3052452504634857
3.304613782453907
3.306864847508512
3.308779368797938
3.308272725620935
3.300620340561682
3.3019559577453967
3.3027044114216353
3.3034806644269663
3.301674324181653
3.300117040327353
3.303180065034896
3.297867093668428
3.301610669886419
3.301269896039667
3.297356700943422
3.298910965753156
3.300178813841916
3.2968355477318285
3.2967921691809514
3.2954490344191707
3.2948160723660345
3.292774259119995
3.295828961124716
3.29111324608788
3.2908091769199963
3.2894726638184038
3.2890898957270984
3.286849697199903
3.2850548525651297
3.2855940652910127
3.2852512071299
3.2837952026563095
3.283502103284348
3.2797351534976515
3.2800477733907774
3.2792811497699383
3.277056478483732
3.2761319392873336
3.2731242385483528
3.271178694889527
3.2686541184436444
3.266298620044723
3.267742885637653
3.265010668325794
3.2606080202169196
3.2591783778612005
3.258790088254352
3.254588026871053
3.252262138812117
3.245977438928545
3.2422842503518097
3.2353309349034185
3.234604071508082
3.229092698688655
3.2240797027136927
3.2230461601370064
3.2145340652890906
3.209342354720877
3.202693850957146
3.1987350624661115
3.1881384371325026
3.185186275447062
3.1711068751738054
3.163676621839982
3.1594300893850105
3.155001222625259
3.1358522925266
3.1310047465701434
3.129432710566262
3.1146120780198148
3.11004341526549
3.09847560224607
3.1001490617907326
3.0993964898493864
3.0974339701870615
3.076502102290013
3.069883950227915
3.0612365319285284
3.059368323910144
3.0469575394955717
3.0398740186247717
3.0438713708589242
3.0335568988970083
3.025931560484938
3.0303187469641366
3.015938871590666
3.014916801868483
3.0074762717004893
3.0005882477113444
2.9874939532705054
2.9779725576093954
2.986529929693355
2.9767884034519048
2.974044181810793
2.968188671871673
2.9581765206747277
2.9435898045929827
2.9426784217357635
2.941185643275579
2.931139104588087
2.927792668804642
2.917025425868441
2.919507699188336
2.907065599001655
2.9154920102089874
2.9042644206174586
2.8951417633960412
2.893818324157434
2.8934495420187942
2.8782679693874464
2.874539626661197
2.8539074867270715
2.864623331168825
2.850166925510695
2.8456446951211887
2.8482205432283787
2.842192385663358
2.8343838399001795
2.816944975608079
2.8177827195834744
2.821523662800937
2.814252573967904
2.8009581404138904
2.7847124231878175
2.7910247261441032
2.7802733408157216
2.7798547630393227
2.780802904173385
2.760130374468574
2.7604384612898496
2.7619804685661036
2.750719359563303
2.75214908173842
2.736317206029744
2.7324862534454626
2.7321243859076683
2.7259278723666833
2.7242490672325905
2.712175735438517
2.7099314499502034
2.695887857629347
2.713056735521139
2.7015492024347765
2.700284639647765
2.6784442306257956
2.6855822019567785
2.6799292870501215
2.6838632161303084
2.674724498575972
2.665239836702975
2.652566304502561
2.646212956240011
2.6390551126511523
2.6554672408473583
2.6380425832530325
2.6341660708882086
2.640453990000163
2.6155987812798154
2.6309007204087207
2.61129384574502
2.617904536368311
2.605793221283329
2.6052679872327995
2.604873775511749
2.5975961551185724
2.585308748968812
2.5924935798312343
2.560959024831306
2.5560081368962
2.5696432859629623
2.5762908299301945
2.548718360043311
2.5534575557292896
2.5438397142083145
2.547016309097756
2.5294884126777797
2.5269611677689148
2.5411143771899765
2.528436754447545
2.506296940205633
2.5191936177569767
2.510837069199991
2.501358752218328
2.5033993576617206
2.4808072965274484
2.4990535860144814
2.487891164052394
2.4748977250600044
2.4708814236313796
2.4638303279183633
2.4795823853838352
2.4664632174395775
2.4550952998011613
2.445455864764923
2.4419134849494744
2.4352972591801207
2.4316060219624247
2.4496505068716155
2.4232530908067096
2.4172245949044706
2.418269601325656
2.4072668881610384
2.42417848352776
2.4091822602028072
2.4081355924754178
2.3996539263762244
2.3979152255049048
2.376740958108458
2.379128763957541
2.405607743203178
2.400458882136862
