6.48118073302646
5.708278927230095
5.18519064021665
4.8184901087783105
4.552578296310218
4.377552051183789
4.248990122199983
4.165391458790432
4.094168699295946
4.0436623304389245
4.017910207888876
3.9856044118718583
3.9656622423682104
3.9488397125125854
3.92702009696369
3.9139700746813486
3.900662061548972
3.893733401862226
3.87932343884956
3.868933202453362
3.8677702915760896
3.8605832854906716
3.8499769797158794
3.839359416980152
3.838027605021647
3.8340307273143948
3.8270764443301415
3.822022790825644
3.8117285606472993
3.8148218742174698
3.813024020010187
3.807370814242104
3.8067727509395097
3.804641462111658
3.801858197580012
3.8016023922336193
3.7956707701664563
3.7997066461762716
3.7892090585804725
3.7930633201617603
3.7914569592753122
3.790237316789553
3.7904940240604934
3.784585490938305
3.789644325195357
3.7930426324984823
3.7862608931785404
3.787304339251777
3.7824349098427352
3.781504141498906
3.777124817519225
3.7905613858570426
3.777987438809964
3.7885890265767888
3.7793918316678483
3.7873480643412862
3.779816536478294
3.7775918797467107
3.783566389897073
3.777934253908867
3.777998848247898
3.780917001325031
3.7861356952393703
3.779775401880575
3.7780479962049527
3.775715810383937
3.786821969026743
3.785915803077609
3.7781753840372545
3.7796446108078774
3.7915651331576266
3.785996548196142
3.7842056577981906
3.7811738095542258
3.7916262833647028
3.7929627999316815
3.792453175136285
3.7947976859503014
3.7933484396731205
3.8050951856051305
3.796501874923706
3.7954588994499323
3.8013173083002254
3.8044004800707794
3.806211066338443
3.7963177922160125
3.8090052001698074
3.811708757581637
3.804230126068574
3.8125612504722537
3.8180829815624295
3.8154803932637207
3.8151658930519754
3.8117138195869535
3.815558524787888
3.820805754079375
3.821111249369244
3.822317203810049
3.8189447845599447
3.821563877338587
3.8255145279474037
3.8260881900787354
3.831346081208813
3.829892544783363
3.8325597579165023
3.8324287933434626
3.829647628142852
3.8312272420225217
3.83470682072085
3.8374513413092886
3.8368889028711837
3.844323486551758
3.8443251199038455
3.8394580395646796
3.8456053112366404
3.8402730933455533
3.8400719955910083
3.8486322982366694
3.851308583289154
3.852040538492129
3.8487302069516147
3.849953211786211
3.8550290834996126
3.8600777854291044
3.861056590034056
3.8595412264960682
3.869258769953898
3.864752756070721
3.868390641702238
3.86738329455834
3.8706485377263653
3.8795932697695354
3.8762280398098996
3.8787974546584048
3.8785405366919763
3.8845072277756625
3.88354640760163
3.8911889604357786
3.8933783859707587
3.8894729863765627
3.8909601936506673
3.8992875534896703
3.9037688490032227
3.9114589279936265
3.908316441977671
3.9111560026342556
3.9179177462130554
3.9265426080818324
3.9302346918934075
3.929055252971575
3.935541129158449
3.9419201138869737
3.9377377155677293
3.949698417223701
3.9608113800370415
3.9558951369551725
3.962310790322548
3.9721140177674994
3.975585712480915
3.9855413919733476
3.9866089541320653
3.9906297180541728
3.994043374246405
3.9995106775169225
3.9924070770426314
3.999100606108821
3.992052513268567
3.997419784928477
4.004577441733013
3.9964977230212484
4.008760896070983
4.00811798050422
3.996820173291273
4.007017804670704
3.998161099677862
4.002591940090638
4.000330493893734
4.00879754530367
3.99536569497382
3.995827700740607
4.005671710931053
4.0024146578570665
4.005728217982506
3.9970130610835644
3.9951386655023855
3.990708100241284
3.9902172412059103
3.992209311141524
3.9925924976204716
3.9884529062943863
3.9852889519791272
3.991681181183157
3.9837964456672816
3.9889386885387954
3.981162738661433
3.9810119259727093
3.98170860377393
3.9795329709385716
3.964305545701537
3.969850091509117
3.9547527707362358
3.9696444328441176
3.9522348080956657
3.956780886927316
3.9589853462322737
3.9563269141570543
3.956866278435833
3.941721884779228
3.942626782627993
3.9516674076863962
3.9405394201130832
3.9356835976589557
3.922607359729072
3.933854027542957
3.924966120442679
3.928962845672933
3.922184122163196
3.906219337106675
3.911252892525621
3.925161045651103
3.917102262262226
3.9166920427666154
3.903546932362771
3.8993066369101057
3.898998642845671
3.9019041565037513
3.9023833057677098
3.8958565324775933
3.8939469927965207
3.8818980111170185
3.901914206586143
3.885073166947032
3.889201652865077
3.88175178267235
3.882068244754806
3.8748203929542573
3.8825552341087843
3.881972440453463
3.871325490779655
3.8646935416284456
3.860066018363302
3.84630200705787
3.866796010224394
3.8545991348665813
3.8538216308567876
3.8645226061344147
3.8389383323432864
3.858456794605699
3.8412185905053633
3.844101836746053
3.8383744666280672
3.8554194675859557
3.847863788521567
3.832913326893666
3.8297123347603996
3.837742411582045
3.8164053489995555
3.8186990868213564
3.824783679126769
3.829738798298577
3.818147458540377
3.8277506712795226
3.8151222372701925
3.8193793236747267
3.8010747691457585
3.8061323847419533
3.819573397553244
3.807497482429179
3.797547168278879
3.8039786926535673
3.791150101857592
3.7970446812552074
3.7905271254306614
3.788820513921191
3.7972958436770035
3.7930941775787708
3.7794068963952765
3.7676723243654235
3.7667322586211123
3.784103868081588
3.7763028209523637
3.753590617993081
3.7580852157385776
3.7479129877201345
3.7542448191679725
3.7481409424497176
3.765588101259498
3.7400952723137166
3.7323776506638344
3.740858739660692
3.720861717481022
3.744699379270391
3.7279175552286845
3.7263305413630583
3.721785642610964
3.71608059258424
3.70255567468414
3.7229362793209018
3.7329815640005957
3.7300724472648414
