2.00376908147165
1.8891743815444442
1.8031063103149192
2.0425346589176216
2.0352336459043547
1.9392240621283259
1.7727953774337664
2.2830565365788247
1.9257361736376606
2.2111671975665086
2.194290089760845
2.122117864032303
2.4084941256007895
2.039290290903617
2.046101841408703
2.2026804043738677
2.2329867445978215
2.3121692462829855
2.1877515398024197
2.108437089096057
2.1353433390559
2.365555047879173
2.2374759251161813
2.0507356189551356
2.2078276457898474
2.311652422006153
2.2789078587987595
2.1819785385432464
2.2348941870126318
2.267763237771053
2.3878530201086843
2.1488993151967994
2.09586993333002
2.166957745999715
2.171838811614576
2.1611126627836477
2.3322340034966746
2.387607934175413
2.28059398343472
2.303142464660139
2.3419581432250367
2.285355694135981
2.276110509382214
2.354612163338747
2.2416203881100034
2.125433657940664
2.374549089819947
2.246785152166931
2.286176896100762
2.3011553645463128
2.3704317251603504
2.2378312730865986
2.346845345841648
2.3279810804570262
2.4491080279949347
2.3379697056613207
2.435164812573408
2.2516932334704602
2.2809124989987954
2.3678584453481384
2.3713843914642894
2.343809356241801
2.410579569456054
2.3141407974294075
2.4025294544561855
2.3751463101473043
2.3388801944513666
2.353806753176124
2.4413234928045964
2.3972573949618106
2.35065375836939
2.4690418451050706
2.4504253492616477
2.3932327244669076
2.4318692993580115
2.4120409296944674
2.3227964607296703
2.344248096157316
2.4539110807850237
2.3554457684732832
2.348396076785218
2.4937634212708506
2.4356951908038282
2.3880178090124926
2.4589986428378423
2.309899770440015
2.3786512466547842
2.407687299327262
2.425280477311608
2.441640226346142
2.454490162922499
2.4113555164365685
2.4606152183988708
2.439971573441686
2.3743668319001703
2.4522689097606802
2.4055901257826116
2.483503497831842
2.374111871427509
2.4734098825979167
2.447768988968094
2.475363652139998
2.5965546529741808
2.442524839616074
2.4746669670485484
2.5467330986489034
2.4163949216942715
2.4245197706874264
2.5319854521663627
2.369109039832193
2.483026196234686
2.453214977915475
2.485822104963354
2.4201839042324322
2.450424051043409
2.4115025838892743
2.404747473798586
2.420304070432999
2.35509613089116
2.4461964469212734
2.588665266548276
2.50434197498476
2.4260567481815127
2.5019648486000023
2.535982540275883
2.488833771835973
2.4941629171097164
2.3988587685954554
2.4553703709895087
2.4117864293268734
2.4677050571204657
2.496204914582582
2.5054355307323175
2.4438351842866646
2.5224022871878526
2.41184981624706
2.4513553313763525
2.455517715399462
2.5091229972617723
2.5316346792433047
2.4890652100610886
2.5298304067358024
2.4834881779569336
2.4330459299364016
2.471931188023151
2.503656879664016
2.5334490843758406
2.60696665674544
2.4770854766391905
2.60999451029756
2.524919348656171
2.4696611972980875
2.6111589790597467
2.540210158359714
2.522839589268175
2.534725239295538
2.5079650808686327
2.5643941636355416
2.548448771636057
2.5257752927777077
2.523931925630328
2.6647871605986775
2.556227107093019
2.5727151831173973
2.5802227780120033
2.593557091199249
2.547933071426571
2.5422736028619917
2.4068932186279
2.629215539516637
2.509321295222104
2.4809829939415637
2.576313127365411
2.6459109615303107
2.5782120511984967
2.549533481072348
2.6356011913824453
2.5392408679555323
2.4954684047012137
2.599225268954239
2.594057962579547
2.440189860243431
2.6066478620846043
2.5256324959031677
2.620930949088016
2.5214231286353908
2.6606156184713905
2.6013978472570094
2.482746680623312
2.564959400242175
2.6189257195617985
2.4944308942438433
2.544151458962963
2.6189134766635287
2.663338131280303
2.5428752585100347
2.533805554630676
2.5849758014391493
2.5706972686914162
2.5701494153282143
2.652670629085948
2.6215064766710934
2.683923746795628
2.5868261155586225
2.565911392681729
2.7097406396655184
2.612177329023917
2.7294362539582355
2.6820623811576096
2.6259243138309345
2.5965856663159275
2.6531162517333
2.5419130276492594
2.749946448669091
2.7527580574202855
2.7134412381432873
2.553314520832146
2.7249449007916002
2.678528894491586
2.6137134943807174
2.6955747265613854
2.6622995361445745
2.7242525902641463
2.6018376873212095
2.701506180665595
2.6864627284823723
2.5670708482626448
2.722244284063015
2.653289975436448
2.6983484271973768
2.6651765802353142
2.659872835537173
2.599846604229172
2.664723709465664
2.6015648607608637
2.5433019509361574
2.5324443747686782
2.8931453827883424
2.67487419995634
2.7548757928941745
2.668645421865071
2.5779337215083458
2.6403504119619376
2.6488043736928737
2.5452065908903356
2.5522815959276937
2.7543176835822005
2.662810888671129
2.5975623159325183
2.62748955947926
2.5381019008472334
2.569724718821087
2.673605412944253
2.542190933359201
2.676265466805707
2.599205987797977
2.537016707551792
2.613270756976702
2.595309972324187
2.6597287518551314
2.6182756931947444
2.6985075018453095
2.620589103283994
2.612192072382294
2.5182052904485395
2.590125981476578
2.6479559447213465
2.578858384381666
2.6713322642976327
2.642798324499161
2.588580410572663
2.633857754261001
2.618358149815966
2.5295637360213816
2.6367843683502175
2.5810746975445387
2.567974340021473
2.567890584194545
2.578260116927151
2.526023578791919
2.6283108977145773
2.5931851844386027
2.544653057421181
2.621022248482079
2.6148353379495783
2.530651316602165
2.7647728351914713
2.63789347536927
2.611779286325993
2.5951185411590614
2.652050481378017
2.573667334950689
2.613822207547419
2.603781894967131
2.5697254630699717
2.5155364675725926
2.6187808002901143
2.5509395357161364
2.6236477212811526
2.635235064763711
2.601807290378716
2.632394627113799
2.6700430567836193
2.5903414793679422
2.69173460858679
2.6726156271277515
2.62285423404985
2.589084745824913
2.603948277314577
2.602656131617989
2.5512830422487447
2.6532679051503685
2.54326568201726
2.5988027354401484
2.617611411826928
2.660201579373496
2.610710310952432
2.6711049314144293
2.6092815402187184
2.5853890578866388
2.643878656546202
2.61463321497843
2.487130861868246
2.655542572138225
2.665713591368254
2.597786547426688
2.612615054288988
2.5888826209611184
2.619798489007542
2.646508603917801
2.5576617697993567
2.633371752634939
2.651212073913983
2.603510145980863
2.487730680936172
2.617512243796865
2.603958308257872
2.613106792361518
2.619537414217456
2.558289141848073
2.5988129227599184
2.582320860328622
2.5703414355452248
2.6344260772526455
2.6257271044714026
2.6595892752034294
2.537740699772016
2.6686620374621195
2.6311110067740597
2.5892367847658115
2.63129460570234
2.582587655710834
2.6937236610338866
2.649868696393146
2.7131967512462967
2.639142886126475
2.6266996952119204
2.682490672156715
2.61084834823288
2.594697544857812
2.525350980121202
2.4925615813564277
2.675138225683791
2.591917205778509
2.643966416115592
2.69214897516736
2.5818485267360916
2.535199655320202
2.657019024009371
2.6585441208138096
2.568631578797412
2.641257839382819
2.653518941289425
2.528565230399192
2.686090848438212
2.59888502493247
2.645486881038422
2.664975415354657
2.6817258761272527
2.60538137592701
2.6491435648272565
2.6870405413124674
2.620922121730643
2.6073348222928723
2.5835604938942884
2.6610735652087967
2.582798635416518
2.690738667719824
2.548171356532961
2.5736392808849233
2.597629031496447
2.574661077440361
2.5396825166215997
2.614496110032025
2.6098256494611625
2.7275027308220476
2.592317972351097
2.6743864751169335
2.6754525835153093
2.5937862012225037
2.715071264110948
2.59602710619754
2.63120421549169
2.7746484617565943
2.63077082518219
2.6603482572702126
2.8367173873604687
2.582750547222975
2.5894313615914375
2.7845478243834405
2.652499687874641
2.5800701878447168
2.6726060714032647
2.63125904167077
2.6087204265912667
2.713480583709668
2.7122721686595823
2.6947985427532117
2.6769858498865156
2.556752008663253
2.656904160647254
2.672175787721863
2.637613911948004
2.6633846344511136
2.6995379243147193
2.6994950309964953
2.6779476632953405
2.6113226569252963
2.665974552956145
2.671771342612827
2.669036046239675
2.585794996101627
2.680550856355473
2.7281904240604704
2.63227194166381
2.631070124762869
2.627521924746514
2.5633880302371708
2.671383921555863
2.726310950953786
2.560598373275938
2.595931507314453
2.7244256494015633
2.67223676072251
2.6553282769550335
2.6863350464734843
2.630948843382165
2.7203519490255608
2.689669210132892
2.6058106384845687
2.6519646864852433
2.674602961161693
2.6971184580324983
2.7093218979997893
2.545556068502699
2.6311292254151257
2.7059472834411107
2.652783505772864
2.663475204655173
2.626801998150058
2.6268630513275926
2.6408184744825682
2.747275351380841
2.667258300596923
2.6203154535322106
2.703462023368586
2.6722991395479405
2.653049810712808
2.7245529717253585
2.628209701316235
2.6700155647515262
2.6227145849478943
2.726199409734583
2.6370180448079186
2.6464048296528593
2.6079187352043993
2.596526599402149
2.654605935835586
2.5962959140662605
2.5876615149218862
2.603875072058367
2.6048584968551096
2.7151756991837575
2.7049575323231254
2.5934509716163405
2.681583966602118
2.602594083731371
2.6587284918320764
2.603569205269197
2.674569837903296
2.651273834118358
2.6988725474064
2.6153303721617074
2.6583906357539617
2.63021128947319
2.6378647345746105
2.713076349479835
2.673437730266485
2.62954080017053
2.6870058186856274
