3.454981207541302
3.2901477727958626
3.2529771696136764
3.225239311497111
3.20692490195934
3.187450570045738
3.1715574098515487
3.1596943810199294
3.1449546249772884
3.132865926957204
3.1171314343886656
3.1044600233512205
3.0932329385890744
3.0792630296449377
3.0669197799735546
3.054626752146714
3.0396110455889374
3.0298614739636602
3.018958111154825
3.0085254048762073
2.999234848130276
2.992560256115579
2.9846269144673756
2.976773942423504
2.968805188816596
2.9633532637559865
2.9575309992939203
2.9490138117112945
2.94064875061931
2.93446083518486
2.928400969027493
2.9203895905341297
2.915520488970816
2.9094007585546096
2.9078657504282166
2.902303660761293
2.8962508078591798
2.8902966140904383
2.884613074477138
2.883739746119234
2.8775515618206664
2.8719995241125957
2.8696378638234683
2.865177371702851
2.8628205136306972
2.8576751573725323
2.854141289626707
2.8525611861759197
2.8524751561518684
2.847847062416704
2.8463285510856102
2.8444184309287035
2.8432816560136085
2.8394502434431588
2.8386803270611463
2.833709668494447
2.8279653148685426
2.825140487590282
2.825011977280767
2.818832432960312
2.818447769790857
2.8142341059256433
2.813336031961294
2.8097468922402853
2.8107297672887257
2.809251800378572
2.8042051134227113
2.8008217903472414
2.7972430118492673
2.796711355692804
2.7919553729024966
2.791583113165578
2.786407165328866
2.784947414039218
2.782719356550587
2.782492485345329
2.782869899903883
2.7807937057694576
2.778470668830705
2.778109548577057
2.7740739335259086
2.7717386459642666
2.7691364546535193
2.770765521635377
2.7656561415891363
2.7633299675041703
2.7650220852961644
2.7645438154518054
2.765336021765653
2.765709991629053
2.762453664274157
2.761289764804438
2.7585939211198505
2.7569385916147793
2.753077728254577
2.752872932974138
2.7518688760399206
2.750797738519259
2.7513789814520715
2.750113078617976
2.7490075301352164
2.7492487314793705
2.747758383986149
2.7465597666486072
2.7443263435474035
2.7454316843940445
2.74237633235408
2.742392630640796
2.740484093590606
2.7395969169235426
2.739031821183041
2.7361325524203703
2.734676251369782
2.7364154405976127
2.7314161880962162
2.731986144463793
2.731851677671611
2.728898981277891
2.7268980415604953
2.727265949025061
2.731898959377687
2.7264768602852953
2.7250445224765882
2.7243012864628895
2.723901699129626
2.7221381514192484
2.718125938205288
2.720925776925386
2.7211555394459848
2.7196820229445064
2.7178345911916946
2.717699404273714
2.715428225366822
2.7150885975495638
2.7133482455410913
2.715626570695718
2.713727478776414
2.7085592849955407
2.7132978621269177
2.7137348446975875
2.710047798864888
2.707963431175542
2.7070797262493165
2.7052506454679484
2.708100438393645
2.7046255128111647
2.7043933187518556
2.7038423837395147
2.704233223126334
2.700892984989613
2.703039727377622
2.7002595378524354
2.699927095335287
2.697405045072932
2.6962585775727237
2.6981490498824083
2.6969051052646793
2.6959139961071643
2.6959810375799744
2.694870156962482
2.6937611321138575
2.693543044905746
2.690186625915098
2.691865537235205
2.6904663542804346
2.690777267391611
2.6892912778984237
2.6874272064645637
2.6885543570060277
2.688509075761699
2.686307099807667
2.685245181251038
2.6872674093217057
2.6862496753268226
2.68341997075914
2.6811075371068895
2.681202398450377
2.6813115507272385
2.6801661801852767
2.683163045274758
2.6773923663355466
2.6782408923615164
2.67933280847178
2.6759989437133167
2.6744048286991275
2.676159693550353
2.6795264055831827
2.6761257497159208
2.6758563931713613
2.6757497927145257
2.676634084130853
2.675067888042542
2.673184897922906
2.6737305081821785
2.6732223670994757
2.6735514200236055
2.6719116336701463
2.670493239550282
2.6726231270250533
2.671189056883613
2.6705153146174805
2.670783598982908
2.6684922528475186
2.6691019891896204
2.6699408869520367
2.6689062157429504
2.6700371724361016
2.6684817854939116
2.6687893312183215
2.669640735450286
2.6667265291694258
2.668931670693675
2.6645287418965813
2.6660006403126673
2.664326497823582
2.664331986320962
2.667510876644552
2.666539509090588
2.664881892831573
2.6627783921125125
2.6631720581255616
2.6625176459275193
2.664431570061432
2.6620506395845225
2.6642557390240946
2.662705060603807
2.663949185811971
2.664012698359014
2.6590849110915995
2.662503024595737
2.659541444996523
2.661129325567022
2.662912938418393
2.6612993817535235
2.662542111704553
2.6652582842178973
2.662679538911808
2.663723872750538
2.6603327369640937
2.6623568547715384
2.6606575263796217
2.6611542879677503
2.6631964078481247
2.661085931486608
2.663048002145273
2.6607227795905715
2.663567350769582
2.6622253994841247
2.6608098849179442
2.6613055131295726
2.661039402158998
2.66083105660416
2.6608781064157006
2.6599155102089767
2.6591082344258554
2.6574088798152458
2.6594397087810218
2.6577783332944285
2.6593787800616373
2.6565786914982263
2.656872271419429
2.656039474005567
2.657472888495915
2.656265438889428
2.659189353621386
2.654131870414346
2.6537804417044137
2.657490570553773
2.6544598327204967
2.6547745208946063
2.654857295022594
2.655440087829317
2.654296362755355
2.65570589624353
2.6532700167775523
2.656806731946912
2.6586225062823123
2.65474470334945
2.654561860465807
2.658012552625229
2.6582443679837016
2.6577318738629123
2.6561255324842508
2.6550228371527065
2.6578131921183537
2.6585390502845394
2.6546295298701814
2.654584669962694
2.655471738201986
2.654402422604801
2.6541110226637534
2.6525983365380874
2.65337347671895
2.6551344481977384
2.6536540706686957
2.6523234209874675
2.653332284365504
2.652919125857113
2.6511711612083437
2.6532440436400955
2.654145897996879
2.65199662094126
2.6512500985247014
2.6516632910928895
2.653310026870112
2.6536224197753286
2.651836809035073
2.649616852142338
2.649660026763718
2.645692693458187
2.650428021952648
2.6528199767772365
2.6502573203758737
2.6509531246611173
2.6503405850935815
2.6471756309852816
2.651707513083657
2.6528517537408596
2.6468163101425644
2.649007826339059
2.6477470963672647
2.6466259342548413
2.6515299974034283
2.646961850166811
2.646440373111482
2.646011821473858
2.6455871813833896
2.6429183759706483
2.6426803328456763
2.6428572488958273
2.6410282659444877
2.641525315264391
2.6411135441720304
2.6389943670025833
2.6390041199887033
2.6400848322635073
2.6363771989374953
2.637840732579854
2.638567076680104
2.6356413940547796
2.6379378860067857
2.63713960764587
2.633639940438756
2.635751390322384
2.637101169174034
2.635010928589418
2.6347975871484546
2.636440165884571
2.635690529814482
2.633266499880529
2.636271365775601
2.636149461228948
2.6329860147567348
2.6374173822897924
2.6332877460878654
2.632698919581975
2.631811050661789
2.6298109769882427
2.6321276285420465
2.6318561622809775
2.630866918571194
2.631467053235986
2.6301829752120796
2.6303029091605667
2.629566153788983
2.631417836431119
2.6304739581350187
2.625729529457004
2.62817712077624
2.631555471795191
2.629977444062375
2.6292273147684453
2.63002747162518
2.6312339663934363
2.6285544738005022
2.628074113781136
2.6302621851905887
2.6304594669165615
2.627787454645288
2.6289813763864975
2.629145037601075
2.6276373255228336
2.6324776929610803
2.631051547603274
2.631025251540961
2.629825659119213
2.6276101289893226
2.6243010864412186
2.6284852224839557
2.630379667201243
2.627084461231271
2.6282291286467037
2.627577708963255
2.627618978716977
2.633229720231073
2.627373373673852
2.6228147577896395
2.6278833541999984
2.6282204309935926
2.627279799833572
2.6265097158479542
2.6262399952739997
2.625167447610357
2.6275954916690383
2.626602201765635
2.6246163181018733
2.6240621128589496
2.6298178285207188
2.6262115276852223
2.6274274098787376
2.6272774078985646
2.6244690794983967
2.6271638226717373
2.6258529592516
2.6263710627024124
2.6249576385562734
2.6260994970185907
2.623367953306602
2.624019912801078
2.621453493649766
2.6225397763859943
2.621688151224789
2.6231814517514187
2.6257119142016796
2.6229299683610066
2.62525579661039
2.624594320496209
2.6219310510256553
2.626463444786719
2.6220525014621012
2.6222739830414046
2.6237411374974715
2.6220318870762513
2.6244364129676114
2.6235182453463772
2.625045438464597
2.621328775953781
2.6232206709644657
2.620228496509368
2.6210677121121737
2.62208034537679
2.6267226837950646
2.620733877553969
2.620730381064645
2.623092752719587
2.6212351019862745
2.620181422102488
2.6241875171722637
2.6222678820802643
2.6185193959573803
2.620801367317417
2.621461987954862
2.6155028767110386
2.6216420477977884
2.6194475392704755
2.6193878867520826
2.6219013137905596
2.6209089997064665
2.622760723116219
2.6241489847296924
2.621828229246012
2.6195728063950927
2.617491025259414
2.6203218490528544
2.6161399611098672
2.61930593823725
2.6185278248995205
2.619297148328646
2.6181203081269673
2.6226651273124144
2.6203744661403707
2.6189763407851783
2.618182128588195
2.617707295077188
2.616915686218736
2.6192050220603686
2.6169165257069706
2.6147777874937774
2.6166484557161107
2.6169755329882376
2.613283674677744
2.6165717688273307
2.6166308577663484
2.6152064038205123
2.616375147775658
2.613093718044069
2.6128464484815117
2.614551193422551
2.6192468328502905
2.611985616087301
2.6143639336693325
2.6121760877835176
2.6130375270056945
2.614363734731939
2.613420382984373
2.6136560727672733
2.6108420763513167
2.610106533716786
2.6112682940352245
2.6123352715437362
