5.266466560981256
4.634559588834168
4.5772051588849445
4.557384897785344
4.565942262757841
4.571387810366494
4.58671249429344
4.59695284333528
4.600817403776182
4.613561702901756
4.616472371374348
4.629497821566257
4.635791697090478
4.641817367824229
4.651995592408901
4.66321145893981
4.661450945032342
4.673830903262544
4.676047548850786
4.683125482617522
4.685864238675305
4.703162249472501
4.697071711181492
4.6983169298255305
4.7094328361204445
4.71493271872294
4.717335112477133
4.713756427429195
4.72096564529611
4.717250936567967
4.723973115387335
4.724303276480041
4.72514064026516
4.731040555551143
4.735026108275215
4.731434991646401
4.736471971958293
4.741489828858077
4.7449226858437
4.7472930045191575
4.743208312547219
4.748484275323881
4.748984163552369
4.750521164513811
4.750847642125231
4.747481972499839
4.748772149279576
4.75136398288966
4.75331268673198
4.760399020159232
4.759159776314189
4.757638877489339
4.755414167264015
4.752205776592443
4.75623099366538
4.752659011597746
4.756614993189491
4.759762606787412
4.760857575415095
4.759708412994706
4.760665304307947
4.764456128473762
4.762012660932198
4.7596409026789885
4.763189639976557
4.758343569605103
4.759361498341163
4.76261515705583
4.763186441173534
4.7616362443073195
4.762354666319315
4.763613405906407
4.762879035639493
4.76342048662172
4.762375563536249
4.769713724872436
4.769278405075328
4.77167995113263
4.763353878584329
4.770760361606759
4.76759339775603
4.767348148349868
4.769368221372642
4.771592403916146
4.770888136812741
4.770196318871438
4.775704837163943
4.777048438266762
4.777279331345965
4.7766993527299695
4.777525222558769
4.772025429883939
4.777006299804441
4.773862574475397
4.77616480773914
4.7792060804024015
4.78138025997844
4.786461989166558
4.781673238921876
4.782093091099259
4.784084158161806
4.775998722183741
4.777862982355433
4.780143755741746
4.78339460764735
4.779597478866087
4.780675971557033
4.781661225308617
4.781170768703488
4.778316428948036
4.780281485719769
4.7722742405604235
4.775404538243304
4.778561954201799
4.778572207793425
4.780718942279071
4.781398078152969
4.775203688661707
4.778938090813491
4.780427333078551
4.780360054933032
4.776389504936959
4.779636961828156
4.776939333159044
4.779308589119828
4.781219466188339
4.777248266115708
4.780095972848208
4.7811429832601595
4.782900393560514
4.777930337503047
4.782521087733716
4.777269503440543
4.778212064706777
4.780031751324437
4.780337044354701
4.780887608537938
4.77739793601286
4.786492043629457
4.7857416634814465
4.778434252138618
4.781093662468772
4.781739513406038
4.778350595580098
4.790030694571453
4.781285773078315
4.7836103962479735
4.785696843483955
4.78295647203616
4.784079250488105
4.781994676540959
4.781479848007014
4.7825679043336615
4.781139536298436
4.781994999496444
4.78849706938921
4.782456498841955
4.785540804833572
4.785539524221959
4.78099746700426
4.784384378793918
4.787333823916601
4.783030528571353
4.781543647520099
4.7815251526215095
4.779576948465816
4.781539297054875
4.781811502217511
4.781060400504125
4.781084958475393
4.786027321406283
4.786807637420489
4.782285983675186
4.781461461536196
4.784664378504346
4.783499888562715
4.78092142875246
4.7815035932600685
4.783879713127571
4.787916882738915
4.7824147302592275
4.78270493051131
4.783004502659589
4.7875110784513
4.781354078469762
4.783785786927665
4.779776469776588
4.785516915684001
4.783115601980674
4.781672120400592
4.780225009001784
4.7874913143352025
4.784994610779577
4.785145437055845
4.782890090226882
4.782718106568288
4.784822060601194
4.786386674869219
4.7848559782169335
4.785183042440973
4.784848424721842
4.78824157453882
4.786612552030726
4.7858440738175165
4.79090452457626
4.787311754332049
4.790121339820517
4.789075983759066
4.785125393171595
4.784505803746775
4.78905554150996
4.793178489372394
4.790175859080311
4.7854022899487525
4.788663062566599
4.7883000970499365
4.796063892520344
4.7932267996414595
4.789458119918239
4.790834925218819
4.788742871715746
4.790193396874101
4.79210778724743
4.790315245001558
4.788676412046752
4.793105424736901
4.788931022077523
4.788578795137043
4.786065057272289
4.788040699412374
4.789312324016704
4.794698325788865
4.789947657153883
4.789451719616815
4.791593199766185
4.7917375296874996
4.790648155687769
4.789409680148435
4.7891897510771635
4.795653350674236
4.790862515859712
4.78925866764594
4.792853123421292
4.791038239235011
4.789865192994552
4.79248027768434
4.789644706714802
4.790453132536771
4.791807910398736
4.78370857483804
4.787095854914568
4.794027536464252
4.789333525689019
4.788643486208195
4.78423712242544
4.7862569557432035
4.790578739003557
4.783440789914205
4.783508193946203
4.783771235553235
4.778782369360282
4.782043705067434
4.7911530291433815
4.780719854603814
4.780114115264653
4.781437629112114
4.776361251293939
4.7815906551857035
4.779873747374759
4.775917794329534
4.7790673231784515
4.7799900009355225
4.776837115971427
4.7795496424325075
4.777614539598267
4.775216866433927
4.781926649998786
4.780792578212527
4.776931570588256
4.7818042196080714
4.784237753389306
4.780208209251941
4.779945350808205
4.781171167313379
4.778361117116962
4.783181924185307
4.782525331302635
4.775442037712266
4.783517187999184
4.783119395482454
4.777804776980233
4.77962925941334
4.781387564518469
4.777484113302652
4.786678114138306
4.782958248168812
4.779385871656874
4.777827512201033
4.777737213614543
4.780029870194497
4.785978405411908
4.778858284911051
4.777608211091954
4.780072854883501
4.77956902956301
4.781008985341514
4.780692522658106
4.776385034833636
4.776081039322366
4.773380899478328
4.780029742041448
4.784077385162891
4.7724542492217665
4.7744557549995115
4.775926492809637
4.7693780905051195
4.772257552791352
4.776287789518762
4.773654468074242
4.772676464526283
4.77579820260237
4.768801994093398
4.777153458710442
4.7755271283965195
4.773525036312448
4.774370558399091
4.771503797905541
4.770333841856558
4.775758398461317
4.772570449487524
4.7678569579173455
4.780887436523712
4.773746893192734
4.775223296752079
4.778371630261393
4.778564546483149
4.775439096379255
4.782614418622279
4.779597290924618
4.775082789797945
4.779296968909477
4.775507777714901
4.7754162062966445
4.781961673394014
4.777970210315022
4.770883460696653
4.780033711478007
4.774290093782627
4.7737584469374745
4.776067826632728
4.780197858075321
4.773306618675298
4.7747290737827415
4.774707547194666
4.7692339855867445
4.779661871485206
4.777005181711967
4.774493700186248
4.7799186060264445
4.7766973322979105
4.775791509117154
4.778290061151871
4.77735181647484
4.772305380955017
4.783510516015745
4.775642129157087
4.77484952729628
4.773712849996808
4.7745795310585
4.780630581793045
4.780787172506181
4.7769938438426305
4.777767140414462
4.776290419045357
4.77187452734068
4.775849118262131
4.780020052580524
4.777638918143015
4.774087933756465
4.780951708463333
4.774813417050479
4.778161239771044
4.779449088722927
4.7734708687384355
4.777482930030999
4.77441037969256
4.774049306209874
4.7779950615926
4.776031409664977
4.777345490480131
4.779317163244916
4.7770595764942305
4.769693608396713
4.781286806388847
4.77930088725634
4.774023287159076
4.775408954622812
4.777888810095537
4.781123826400839
4.7780451328634355
4.775543304349756
4.779347334711794
4.780258140363037
4.775094884333851
4.778060594173522
4.775575645229677
4.772928323432083
4.780995075834986
4.780305882703364
4.779810150872767
4.77834870097326
4.780203981549008
4.771657145219374
4.776460896599329
4.786448370087183
4.777342532607292
4.777900311280375
4.778175851730256
4.778437050800284
4.772655853142106
4.780521021472464
4.7775207392848404
4.7786681236123005
4.781158907685471
4.776162087243483
4.781185391995547
4.780575224821516
4.780462248719854
4.786135941958256
4.779170798005695
4.773891295154195
4.7800150200617395
4.773864507613912
4.77680727211569
4.782800162193832
4.779598696197537
4.771892675576695
4.78320906034844
4.783086257995339
4.776013131009344
4.7824416131179355
4.789440579735363
4.775926172181979
4.783841492583303
4.781290512474566
4.778445519560533
4.78056917455189
4.787452243398665
4.7796334008641255
4.778195451244421
4.7837315114772085
4.778525264571897
4.780295374459622
4.783609826603994
4.775837450515085
4.782516812249053
4.783028186470239
4.773980581258086
4.780540320022991
4.780786535600229
4.776275623371521
4.783411679079207
4.782382523413185
4.778117788291296
4.77998472142195
4.784430313575917
4.780726486156558
4.784617460092562
4.777509249677884
4.784033260205789
4.784558272741559
4.779267031573073
4.781905436258522
4.7846590132899545
4.7832467491678194
4.781078167895251
4.781974320298966
4.775528061181644
4.782315050220196
4.777615730956059
4.778555692957459
4.783274263480462
4.7805028606171724
4.781143857175743
4.785175408758338
4.777280147800956
4.780732840759046
4.785696555874698
4.780666572952074
4.780205235390599
4.784948410257651
4.778780754521597
4.782219774125169
4.785742756886693
4.778514156116121
4.779949828140047
4.781995010645515
4.77783387623735
4.780955528612617
4.78208248055361
