4.405915413158062
3.9993732497303127
4.000200847075026
4.00020329514178
4.003921849225762
4.002928162087378
4.001438572427629
4.000148237408036
4.001918632960847
4.000449748316562
4.002889920630777
4.001754595579342
4.004606823717511
4.001615875207819
4.001711184967442
4.000728830478883
4.000876247275446
4.004995622845943
4.000533337109616
4.001529078279889
4.000906205680404
4.005523169930301
3.999612009089691
4.000521336912311
4.002438138577967
4.000732080530273
4.00241626446479
4.0019341932886725
3.999551826718537
4.001176685214472
4.000615275550367
4.001668190035818
4.001010141235249
4.000384359340108
4.000969625635976
4.00100884226506
4.001248651770545
4.000924255549754
4.001331766401439
4.001730835272121
3.9988031075409376
4.000759521514806
4.002259278923227
4.002011463510825
4.003465856207565
4.003694772818502
4.0028898245025655
4.0027743474024815
3.9988923902801186
3.999146388893697
