3.336297417840452
3.3029165286350297
3.3033186620740747
3.3032087711593383
3.303089169700061
3.3028545652537757
3.3032002504989775
3.3031677720967605
3.303333635816118
3.303022485410069
3.3027416380913186
3.3034590758678535
3.3030673146063805
3.303281569664956
3.3032399884585675
3.3033431500303827
3.303510858346308
3.3025761047221924
3.3032922069129413
3.303161644579759
3.303403539579061
3.303448203244408
3.303532330424161
3.303142819573937
3.3033717848993245
3.303146164379228
3.303099434411348
3.3030757329295852
3.303115272718303
3.3031207726164937
3.303376904996596
3.3028825800380814
3.3031370121979924
3.303290446468438
3.303647887455208
3.3036496414453542
3.3033092325517828
3.3035328121941174
3.303569377431904
3.3035792966755286
3.3033695735578004
3.303819058448214
3.303324324386487
3.3028454188397416
3.3029454120826425
3.3027656596895967
3.3028828912215693
3.303080508908965
3.303883389572599
3.3028154201625366
