0.8023060743625348
2.070126148370596
2.3668784545018124
3.1696557998657227
2.9090804625780153
2.914706743680514
4.177480416420178
3.766880915715144
3.5311732658973107
3.378572390629695
4.10701801838019
4.066057639244275
4.870650315896059
3.8520802228878708
5.1711488503676195
3.652760310050769
3.7580583034417567
3.4221286345750856
4.1783420122586765
3.744141774299817
4.386820279634916
4.424760194925161
4.048930791708139
3.7002068360646567
3.8595026150727882
3.966682079510811
3.417449089197012
3.3020935364258595
3.393973686756232
3.2531064045734897
3.3225903877845178
3.4829501066452417
3.1544068165314503
2.861492004149999
3.1854412188896766
2.7996542759430714
3.5900655587514243
3.244340878266555
3.0957519702422314
3.273394211744651
3.099718234477899
2.913758412385598
3.4489179880191116
2.9107811878889036
3.0512611254667625
2.6469597938733225
3.2073720601888804
2.9848956022507105
3.2459205236190405
3.3077663580576577
3.1514773674500294
3.342776115124042
3.2531929199512186
3.025303308780377
4.096548239390056
3.8441997980460143
3.5427041114904942
3.491162495735364
3.5450198650360107
3.787135613270295
3.996000901246682
4.0300675600002975
4.445147367624136
4.081974182373438
3.936583610681387
4.0806918021960135
4.4933145963228664
4.177959515498235
3.9091822245182137
4.288668351295667
4.231353674179468
3.7416514922411013
4.151684736594175
4.207145593105218
4.5286406981639376
4.624627981430445
5.428075558099991
5.527866375751985
4.606761003151918
5.515493723062368
4.965085371946677
4.874270781492576
5.116596955519456
4.250549683204064
5.045436272254357
5.124082198509803
5.7095525203607025
5.294466287661821
5.170694277836726
5.897757591345371
5.560440210195688
5.976694559439634
5.821841961298233
5.967209241329095
5.677096146803636
5.3950336162860575
5.684101667159643
6.210103731888991
5.5754241576561565
5.824099259498792
