3.3897583871825128
2.678964335015017
1.9667646871333109
1.6737539017641987
1.5265878800652986
1.42399234445686
1.3254298924380898
1.334158480167389
1.330936881891343
1.134503308694247
1.1435561689556155
1.1422371050910731
1.006151164359177
1.080216080374867
1.0003486971909503
1.00455731815762
0.9163669627955836
0.955935648024252
0.9717668466418558
0.9287271153213631
0.8805883025002276
0.8303337749252971
0.8770220284788017
0.8487470456507811
0.8643872298066773
0.8440508471425102
0.7891800133591025
0.8473109329527939
0.8103445642694109
0.8248171963413217
0.8666901783725814
0.785755123168315
0.7797106991805921
0.7410459545602825
0.7524615126287836
0.8129452900838988
0.7040453846977647
0.727071293653586
0.7334940787563976
0.661082830439266
0.7236117071915217
0.7620300960506808
0.7072153794459808
0.6499608339916947
0.7392826786747685
0.6955655758027677
0.6387951918307193
0.7085936120432667
0.6784595902319308
0.6735872594889073
0.6695920628869635
0.659347594039053
0.6254033615276684
0.6801549159733319
0.628631148328129
0.63536996218214
0.6406285470707125
0.6126388439595529
0.6337285222660782
0.6284029871819705
0.5751794162299219
0.621254188807262
0.5908557950940907
0.6358442365953386
0.6080615571421436
0.542030737610624
0.574003540043138
0.5916416491368557
0.6013450348309303
0.5891810757482153
0.6255029914555726
0.5842078173602069
0.5215817109132425
0.5776994297986696
0.5491137044382232
0.5449691269642267
0.5549164247139227
0.5249538746824292
0.5915252680112834
0.5406118279848343
0.5114907375258259
0.5878004408799685
0.5290664186504831
0.5298261881044447
0.500910671093525
0.5474828857811768
0.5524246949076312
0.5312357074514753
0.5748379677109569
0.5665142981075494
0.5624875067985295
0.4844621526040243
0.5222315352696639
0.5184845965132754
0.5530698980361308
0.4820968509569467
0.5481344508988905
0.4980947457657241
0.5195857469003085
0.4856118296625947
