4.151924337077345
3.761384574776022
3.235764832238526
2.936368552368251
2.7659138682221416
2.6104393538586432
2.493221342393815
2.4977446753754573
2.4883888579501727
2.260051299024511
2.2570684564079655
2.222663387274131
2.03971157386432
2.119071573613376
2.0231636215818574
2.0407635727499285
1.8764724082756585
1.948381099605832
1.9236894448598225
1.862761429911665
1.7631709144326018
1.7043630869639905
1.7914805082853702
1.741106287706272
1.7465001436380239
1.7345320254649192
1.6384402489730097
1.7160285432793816
1.6480788155498667
1.6776253412931392
1.76971565046881
1.5994653601592084
1.5804630198709646
1.5494279457293345
1.570577174510032
1.646438139286476
1.447799677862401
1.5076561712811136
1.5012788089931521
1.3700368180234208
1.4984940304036154
1.5550230537724292
1.4785033882173717
1.3377038695533732
1.507535727105589
1.4208347221725008
1.3329336152457103
1.468521404470134
1.4061476919386122
1.3776612427839188
1.3947118778853675
1.3799466728484868
1.3032785125947066
1.4184016500443135
1.3186724549345141
1.3439853729685487
1.3537626716486069
1.3046377739335737
1.3303699671712697
1.308220400260045
1.2314379672039608
1.3147368254484955
1.2534804819655894
1.3088734686544479
1.2631281429206545
1.1641987022171674
1.2192699773359164
1.2460981225356078
1.2626253577039452
1.2328465446787342
1.3052327041952019
1.2333785893231035
1.1075908295449368
1.2331302979393224
1.185881805555773
1.1513031323750813
1.1901983948175046
1.1220143075682159
1.259136324764317
1.1404098384400718
1.1026895988700736
1.2137862145051657
1.1243191653507048
1.1237434216713973
1.0634479694217018
1.1740724570051557
1.1637201915439377
1.1149597071174882
1.2167254701638832
1.189400071771736
1.1964942308572621
1.0291140650072668
1.0836011128887493
1.1039425764668023
1.1735310253933964
1.039971708232521
1.1587719355213677
1.0612841601724978
1.1042774861354774
1.0479107845542777
