0.46878879174925664
0.27987513688079907
0.23932871937105515
0.13860802548479995
0.24934857655580686
0.29198884637133093
1.314654596864531
2.1586100970013526
2.748770425221988
2.9230128562169537
3.1066093129650367
2.573558914589325
2.6168561569843023
2.908365912952952
3.196569610253486
3.2583963379350873
3.3209778297136383
3.126675350353855
3.753217931187481
4.358108760865158
4.288656646356272
4.994332366431127
4.78138071850402
4.961287907653296
4.84938207713637
4.191903603434861
4.224704463796082
4.383165724034902
4.462997194873581
4.298666223026098
4.289318518751954
4.833218884179749
5.074439195715655
4.81201526778653
5.371416389395337
5.1696775698284
5.3424025985277925
5.09220062070732
5.4391859661946205
5.232941908375038
5.269371510347393
5.779196160251245
5.931411453045041
5.425396860391523
5.450141890035061
5.639510369778077
5.686584133322384
5.617038573693792
5.365137786344253
5.689936694550057
5.663352730673885
5.526412592717665
6.359025166867871
5.934725943757058
5.73729502936022
5.850370458904359
5.777025414268805
5.672599356407121
5.559686533255414
5.678995541078633
5.531456561860091
5.657836749416475
5.788767305784567
5.212559690069814
5.242071718648635
5.360313863034444
5.4990069257705985
5.266624249151292
5.3013117497816395
5.255886060581096
5.154169224718395
4.9521281234018995
4.680109958483638
4.896675520185831
4.810496102878707
4.652371464767886
4.817510209051742
4.7060983829243765
4.567357857889489
4.705054051981458
4.474101288056155
4.562715710601377
4.3930126398776945
4.588082093214173
4.295710648120295
4.274917699029984
4.488280057608833
4.243390952178694
4.1835583654217565
3.955580325127642
4.226216401678011
4.3655427350811005
4.314097717963625
4.143839110475068
4.195286831774246
3.873260741734922
3.897252997077436
3.7117924507803672
3.9799507030653296
4.35120214175144
4.039473795214725
3.936401443818492
4.331444071768919
4.052931369196086
3.948085612859002
3.896971248282901
3.9762073995870186
3.9748076235283603
3.6991149067530738
3.9577042259356694
3.755495212791958
3.78799239509398
3.8465161056594117
3.6383070423267005
3.9537214518985317
3.7700183655044452
3.8205916832843556
3.804956269125028
3.9395053179637904
4.013642388448007
3.836700119407501
3.6363592673282605
3.688371299156256
3.7174149005983748
3.5638266543331896
3.8381915815777337
3.583623460623699
3.61280797206928
3.57514239142993
3.5506878680144878
3.678634467872607
3.6123249817133147
3.6595281351099818
3.637096017176554
3.443487501795636
3.6767762124886407
3.4590202315436294
3.5921695949237877
3.653237737000635
3.5286049258967456
3.7536048926444128
3.6878499621346754
3.527199586199362
3.5945627439558954
3.568028262299831
3.6536294275069854
3.539502689200108
3.59714474754596
3.6797902435685717
3.521833788414017
3.550345432445146
3.6054367400190053
3.639277340075292
3.4605925589725315
3.4721188232538798
3.4980033928896606
3.452192497462208
3.5987265747820367
3.7137057376066975
3.622258123032146
3.4169138476588112
3.4111683338358563
3.516291948136337
3.3922552192976716
3.3293456771256427
3.660256488856124
3.424658608023975
3.4802681990123174
3.5372752757545705
3.3564155722181432
3.585721014041121
3.451521758738908
3.674994355271119
3.4027470487470524
3.3486583067835918
3.3356829669398005
3.3538271225025698
3.4139966694785717
3.251365122345709
3.330334480451086
3.3667556522188833
3.596310765769106
3.553791455421177
3.356167923966679
3.3577032613197497
3.3483101713150316
3.300785555950893
3.5763035089001245
3.2628558607177003
3.519801862469507
3.1654443231794214
3.327726941092796
3.348213151706269
3.1718256277924683
3.3571872871751283
3.333043509219665
3.1722261286507654
3.215419853002057
3.158020707942527
3.260963222700124
3.217185677440093
3.4055523919104735
3.30011260156536
3.3556729828297245
3.424327772592285
3.373944174134801
3.246514808893005
3.418373992385419
3.3134849195036917
3.214191679337106
3.172011012952461
3.2210654975773396
3.2055392402773406
3.1299533931984316
3.3562268197685605
3.101357581393733
3.205673014550929
3.312878733058091
3.2449589578980103
3.4368513103223424
3.1566768257293827
3.1560905055267994
3.1697801289904404
3.0948377305065424
3.1167698525656653
3.3029869512481627
3.2842852373835045
3.128349998551075
3.2600200119318816
3.206163683864253
3.1804636244827553
3.1475193245247866
3.205003404239499
3.0679278080417673
3.2216634854264217
3.165481642298742
3.1906829145771947
3.092771082370852
3.174204384639325
3.2047718608498674
3.3304811519966013
3.211848386110516
3.3164368876573738
3.2691113231229822
3.124167901063781
3.3940101381239045
3.310990967881789
3.0928252357756523
3.2679914267138703
3.1560145735840086
3.237757004231985
3.16602755833209
3.3240793729146585
3.311990329680391
3.238880524121293
3.2871657790145443
3.104254073953509
3.138201805404865
3.2557800509862047
3.391438049063074
3.4521839311960045
3.194984250211835
3.372712973060958
3.2136127850828418
3.1172852108287654
3.281254824894085
3.2226347984175963
3.220149769422111
3.0139919150064545
3.1862095931204686
3.1890220947818424
3.22062487511261
3.1359820957975253
3.3314394299639973
3.3394198547908918
3.2258692575654355
3.156152041804502
3.1264726008048545
3.076325384152741
3.2076660855001364
3.2089562212754728
3.273955533363304
3.2121361984224297
3.1087438034156247
3.220920096147647
3.31448447699344
3.1382027713828924
3.306049875461429
3.1017701102854116
3.171810468004782
3.3131270069843337
3.2668537205711217
3.27735099765636
3.1727758792164527
3.331886070161387
3.127891209246816
3.215766525198958
3.165953085385729
3.2647308690086616
3.2423917741900787
