3.392889953931216
3.3497127611141804
3.347565953426806
3.346137741792252
3.3433873086228667
3.3435127023231965
3.31904031026739
3.184952785204189
3.096471618880778
3.0305383258912464
2.9896075048447956
2.9632310606645964
2.9326616561424195
2.861913090414995
2.748979092945166
2.688448412700331
2.652341535188641
2.615411393591366
2.5583006166172715
2.493482500367561
2.4524556515145606
2.408141886451335
2.3309194429105147
2.2109398740064137
2.1417454300140104
2.105186065178974
2.076504326081344
2.05263059662205
2.025111045637067
2.0010596683187645
1.9729029338594966
1.9293367312267033
1.8339270398766716
1.7444684646201483
1.6698849739115815
1.6276559326759612
1.5790990808865104
1.5412411322910453
1.5056006250497247
1.453758719933015
1.3880555012381885
1.31579888132841
1.2723231239511377
1.2514809646071134
1.2151836191074468
1.194264808352851
1.1723457181816326
1.139303863373773
1.1124259327056707
1.0874837189282682
1.0567268086169201
1.0458945802396031
1.021522016873904
1.0062332690583295
0.9969879185059047
0.974986679800177
0.9644198131307608
0.9585133272813524
0.9355286357144577
0.9204464404413213
0.9188030782150484
0.9158500368899855
0.8948463317057134
0.8925563032891184
0.888342265237355
0.8855672769219013
0.8675043256314353
0.8675293012744099
0.8667551927637426
0.8474148103207362
0.8461694382390259
0.8455285968477738
0.839030994340938
0.8297319827537032
0.8300264602370256
0.819206587416367
0.8209129659845955
0.8120785591555494
0.8031420993082944
0.8030067487825493
0.8083882952042156
0.7933452827163582
0.7891229681844455
0.784033479631687
0.7763393975966072
0.7784197741593236
0.7821487174801962
0.7735835861385706
0.7567198622187689
0.7763383215624352
0.759529907224351
0.7585619110240567
0.763101312314451
0.7615092633374146
0.7522967717987732
0.7559503113982817
0.7427896890921899
0.7446245809049207
0.7399791738473447
0.7320938233569185
0.7347648366909694
0.732190081662947
0.7240840723221534
0.7173994131911713
0.7237828933896707
0.7226863979618443
0.7267306083474115
0.7186170324607982
0.7101386630458699
0.7145327783195177
0.7079337389313691
0.7017904098224809
0.7046928176441162
0.6993894314086221
0.6999064241127532
0.6964928093027766
0.691107873807027
0.6957112015301852
0.6923384036980097
0.6876266223316612
0.6917250392430802
0.6909470365270556
0.6888742829357809
0.681289543206785
0.691017977229701
0.678343127542491
0.684979592537493
0.6804747235610757
0.6748003227626818
0.6710633040897324
0.6696553185811848
0.6793139082903167
0.6664290229371065
0.6659517073766252
0.6664764389605075
0.6672966072510899
0.662607452579482
0.6641177043284194
0.6524461483568372
0.6574030908470248
0.6511563786891518
0.6478618781476534
0.6645100704848953
0.656108558129165
0.6520873856298953
0.6556986423562223
0.6487673727597046
0.6441399851310076
0.6482703573478389
0.6442208978874819
0.6456645325064058
0.6503565172969588
0.6399768441691923
0.6402524543595565
0.639582870740257
0.6369760696786502
0.6386634751314877
0.6388073858550034
0.6334679999182062
0.6343365923848748
0.6380079716480602
0.6286615312684852
0.629573818948158
0.6353792320241253
0.6394110324641007
0.6224774196022383
0.6248327611803667
0.6248976277339151
0.6265123436678938
0.6323794193221316
0.6199934825356052
0.624115250747569
0.6212015428820828
0.6223583268633059
0.6212166249264215
0.618944853308451
0.621935574960585
0.6144163178610551
0.612731931500148
0.6121066766300041
0.6144882604437104
0.6125802788764031
0.6113265666405869
0.6112566103739785
0.6106448500450076
0.6126308862972091
0.6066105591862186
0.6109265251848158
0.6073329033394365
0.6030618589086367
0.6092628053705944
0.6017868846854089
0.5990391954801983
0.6021181845214548
0.6041359167935789
0.6050386070644135
0.6072593288001447
0.5986257176203449
0.601912685178699
0.5925040825248139
0.5977214487370389
0.5959743920191787
0.5960309979998876
0.5928114853334888
0.6029089107517981
0.5970002885665499
0.594974013276387
0.5924486057638976
0.5946386518525225
0.590391928356742
0.589717862542956
0.5818014028834673
0.588042667708542
0.5979187700883735
0.5894196879699503
0.5897929437479857
0.5858932249771428
0.5781001127517462
0.5869304446630305
0.577110728846291
0.5861764784977033
0.5891075298757219
0.5829248549814293
0.5748788093727033
0.5863233835761242
0.5841707242793787
0.5793093061108915
0.5738749098987538
0.5736594450634769
0.5784941377523992
0.5799167739419752
0.5836735533637022
0.579647257983026
0.5785098113673492
0.5690736297353881
0.5751099516239356
0.5702276597844516
0.5714332020074605
0.5696344273572663
0.5700947356173651
0.562961554745993
0.5733829839641638
0.5675510158603537
0.5660546366270169
0.5686586321237679
0.5678935590747791
0.5692012252423533
0.5629630411342813
0.5725783632211707
0.564940819549554
0.563739136054496
0.5680430564389615
0.5675185254628003
0.567572334480715
0.5586924670240495
0.5648440828168559
0.5647934422805517
0.5649872524215358
0.5624393963696702
0.5563428903151267
0.5606504326635193
0.5649757576035926
0.5566107627680741
0.5600688111536533
0.5545507880109928
0.5661948423417492
0.5573984799232543
0.5592013935879525
0.5563325132123284
0.560543422975574
0.5496067524021343
0.5512582205186158
0.5594794215227178
0.5489421400915241
0.5509396113334355
0.5553466138857934
0.5540610054207278
0.5557633085671039
0.5565605467695313
0.555945509689239
0.5562205833727561
0.544977696595454
0.5526392227255977
0.5553361143743564
0.5458859389198377
0.5418972694651034
0.5454981127006102
0.5471246784867735
0.5495076243532028
0.5473933441709519
0.543274034725792
0.5476833555215769
0.5458211815588114
0.5440822983565361
0.5419653700035797
0.5506427458267292
0.5385197636505833
0.541566654549925
0.538983008961872
0.5460159036524868
