4.156218938101624
3.827719000933554
3.778245326035541
3.7546823377287937
3.748985675554974
3.748150253796737
3.764716217258002
3.815539909570153
3.921400760631902
4.031516034091548
4.088893001360224
4.123987458637151
4.136440918660558
4.0814271442172405
3.993533851537417
3.958823511047946
3.9513042526963202
3.909866881003046
3.822648605177045
3.7405037296499666
3.7178432049033847
3.738286792752265
3.7776633077128947
3.6892391452196107
3.6139547097017877
3.5833032698703486
3.5597866766287902
3.544453348994434
3.52017069620677
3.4958363824937244
3.4540543950704903
3.3962014627528214
3.276599429310986
3.1555318180006697
3.04404928561952
2.957997628016713
2.8635009638106346
2.7912023959877286
2.7329175617307517
2.6640727179321355
2.575974306928853
2.4746427270631446
2.4221140710186493
2.4130947709392516
2.3789919292986954
2.3770031466065835
2.3621732358668415
2.3300271381575386
2.3005770503246934
2.2686568587559046
2.2238715820887487
2.2079920871019394
2.171576331686541
2.147067857575667
2.1315232752582873
2.097630972849885
2.0737814412990545
2.065323626128376
2.028262714233263
2.0039710837226172
1.9934078677258995
1.9904201578726435
1.9532995387909764
1.9498711029905331
1.936779674201037
1.9311080211800193
1.9019340226796912
1.8998724463496262
1.8983391421079603
1.8629727671732113
1.8576979667391431
1.859106318180858
1.8418685905833538
1.8275870057606727
1.8225405316709935
1.8067969067362415
1.80760946249087
1.786185651631395
1.7740547355209035
1.7739034383785772
1.7781187614791636
1.7494345775910476
1.742707330571436
1.7339327641877256
1.7205809356896034
1.7240204264239227
1.7281258254044054
1.7121690351695387
1.6848724242561495
1.714459250250059
1.684826413909632
1.6820601646709272
1.686385114453789
1.6850051457422393
1.6712646989116011
1.6718818394683455
1.6514276136497963
1.649822858911373
1.644452188077101
1.627853151729432
1.6327111978450228
1.6288865062846052
1.6139369946582436
1.6048206179061668
1.6100507841040632
1.6090626829465013
1.610040809655804
1.5985630505684372
1.586107022764575
1.5911595186389105
1.579893006681339
1.5666178985728914
1.572695008567859
1.5593973286089118
1.5610531477872225
1.5555737243799863
1.5471543176748828
1.552863808799255
1.5444038784564103
1.5404295826605439
1.545226578497168
1.5386041803731387
1.5351319182798817
1.5238882103878224
1.5366040576432805
1.516133722000697
1.5251131134491112
1.5181822781428815
1.5063404077772
1.503082830052863
1.4981621567166497
1.5104815207290676
1.4940130958012712
1.4887450020971182
1.4894840907569211
1.4917693213898755
1.4817286982427043
1.4843380250460518
1.4622584856998837
1.4708475184349552
1.461308720597725
1.4501979360800292
1.4791741786704287
1.4664208942099688
1.4571213337006241
1.4623654977131502
1.4507688573772366
1.4433801983066574
1.4508382471192178
1.4392847389434016
1.442718098050103
1.4502253022058618
1.430838776234796
1.4350994458596615
1.4318093340485667
1.42779522761855
1.4273378811791884
1.43008860333882
1.4162700165588067
1.4192583256944467
1.4240995250218498
1.4088029997798563
1.4123489655571573
1.4174585046050754
1.4232562480039834
1.3959873446564837
1.401044766715272
1.3981115410929894
1.4016695645866608
1.4101545887613927
1.387423762852686
1.3946029518590815
1.389834404764096
1.3911833400665177
1.386082137570897
1.3834867256674106
1.3866326894868755
1.375942561534072
1.3746704493094524
1.3709433863602367
1.372257680404139
1.3686448932913604
1.3676693651364291
1.3654340809599113
1.367668321782774
1.3682703343456983
1.3589822326524734
1.365857633606439
1.3574368622143327
1.350007809154855
1.3632940572421364
1.3474522925808654
1.3431928427088327
1.3480206471871035
1.3495454981957657
1.3527014460981241
1.3569792482492267
1.340259815909628
1.3438751829335576
1.3305088231872853
1.335776072564123
1.330528109050223
1.3367487341023259
1.3263143618749802
1.3435535061377293
1.3346165122756235
1.3294493824003697
1.3251645003541106
1.3285100463792516
1.3213445006492046
1.3183009417641458
1.307453789045599
1.316571211200215
1.3332485752303447
1.3168163222239557
1.318465300998914
1.3102220383937322
1.2970369919685334
1.3136214809696762
1.2955257808376734
1.3119081001362394
1.3167342820038754
1.3042604816007086
1.2892202674781557
1.3078391115770482
1.3058263179127703
1.2975196485840725
1.285650565246657
1.2845717524623597
1.2949124244888455
1.2956697973592304
1.301809460286505
1.2956235104702518
1.2953493362916408
1.2748035785934313
1.2882938971624842
1.2781463246474958
1.2804666951658488
1.2756849086361064
1.2764902976944346
1.26427113034198
1.2798008541019499
1.2716405303314655
1.2678739669995847
1.2723634185122363
1.2713621237271155
1.2716966207738691
1.262897453412501
1.2801295193574094
1.268063158955455
1.2638588844388297
1.2680899054726706
1.2689310503988145
1.2681458161417418
1.253411646161491
1.2617057680904809
1.2620479271675649
1.2635617989778942
1.259378308814734
1.2473726167780952
1.2549133333384528
1.2629809195747188
1.2449559893033755
1.2539562445320418
1.2453433418482067
1.2612515420042758
1.2476742084997767
1.2505929931955568
1.2437905401556508
1.2530513880376748
1.2354350184340575
1.2379633566559525
1.2509194083045343
1.2333152909474652
1.2349028205045525
1.2434683521957226
1.2393640939559412
1.2403505321593618
1.2429284164759524
1.2406475414131855
1.2441456877035622
1.2245214663932762
1.2352659505705703
1.2395501443461985
1.2250773503354002
1.21691941475904
1.2212631615182905
1.2247622474334914
1.231176133997166
1.2249876188802582
1.2185674293876068
1.224443740383565
1.222862028275582
1.2164682051995948
1.2176433992311064
1.229339883274148
1.2106313908950577
1.2131778313345774
1.2096175682478039
1.2224171994051494
