3.508894778152769
3.3765322702337603
3.362166219730248
3.3596527343688085
3.350989097541617
3.347946920424931
3.345910880454751
3.345274810643159
3.3427548975098964
3.3391035728791887
3.3340795621737955
3.332748746340589
3.332313605057177
3.328843402827895
3.321676376542842
3.3203675034203273
3.3163410174523213
3.3121781285072482
3.30668542014305
3.3016856741304546
3.286297098264214
3.2526311022482175
3.202583001219025
3.1623838279367416
3.120117038372875
3.0819763686767843
3.0426959735594052
3.0131060623152313
2.9682061808515887
2.921474541169266
2.8854989557880764
2.8264876180725502
2.7835933189521462
2.7525616635301318
2.685250169662542
2.646274124813634
2.599036401209905
2.5542741973501766
2.507566041378088
2.4562165565615475
2.4034016772296076
2.374333102689233
2.3584809560877407
2.3174814305217692
2.3126212014246357
2.2798225929917293
2.244074370971946
2.2283360639283822
2.2017674856754237
2.1942175959143064
2.153665980540736
2.140701500944389
2.116776201007671
2.101262492813574
2.0822213192780814
2.057521412712197
2.0417590603347895
2.0228996263282704
1.9987391793104106
1.9771661689403908
1.9436812744757463
1.9355380734674228
1.8975728814916093
1.8707331768706326
1.8371842582096425
1.827221160191436
1.8006760505454023
1.7667264862404775
1.7617950454181017
1.7215085123167482
1.7215766085441722
1.6905986431033113
1.6695580017543579
1.6628446868050468
1.6388646623827228
1.626235111825919
1.6207713769503342
1.588778776687014
1.5677061136956363
1.5717574462814385
1.5398470318421376
1.5366204550793006
1.517977367509012
1.4973331042673699
1.4780989228928274
1.4759745070811852
1.470453572654447
1.4471533385704654
1.4475878465545269
1.401108796946531
1.4004885561533214
1.3864510099497414
1.364767956352511
1.3671303638654162
1.3419465394040873
1.3458310570423455
1.3506894440845
1.3104380858094655
1.3191641028248524
1.2860759940835857
