4.9097470458625825
4.152026823440264
4.037950156386509
3.983144756550937
3.9450976145128873
3.9123030029988106
3.8967164244300636
3.8945123182479726
3.8847043630919713
3.8808517108360925
3.8831006598102955
3.8857565280771995
3.890024662133335
3.896317521500033
3.897191684144412
3.9048343395539957
3.910433593299962
3.9156117386134097
3.9284916639096976
3.9502984161755834
3.967354879129765
4.010000962966172
4.056665555335755
4.098132822171662
4.110443019358686
4.129080912863562
4.142735253817351
4.149862572319748
4.152255086011665
4.140850968023603
4.1488320800916165
4.124398290764454
4.114723823444788
4.090247260276661
4.0616258491379345
4.041515736039295
4.010319246686707
3.9820978940688363
3.9413290907477223
3.8995185738155085
3.870528383194938
3.8481818265462104
3.8247952525929887
3.7947064255790193
3.786359510680502
3.7477253014727157
3.7222572605508244
3.7071720299332642
3.6795118980167447
3.6648773906766907
3.626439624054487
3.605842942184256
3.5791436330985653
3.572352321053198
3.546050017887308
3.5153711251048154
3.5005557315294134
3.4922854053650716
3.464999550881312
3.4488830889842306
3.41550017737372
3.4178552827400757
3.374309529687545
3.349350196677585
3.3303675224152647
3.3227351317687552
3.295718521053015
3.2506235190486725
3.255694080923879
3.2070050989819125
3.220058532706065
3.1869007816263872
3.174156212991522
3.1657618290001106
3.1435082065620166
3.144363205388997
3.1364706735624823
3.0996661756274313
3.0885346147787662
3.0978872115297835
3.0601634138891862
3.0820081328121267
3.048733256468477
3.0346103294990785
3.0049855456102725
3.0157683377926663
3.002557838956515
2.9857002765864364
2.9994350499654
2.9419494178290515
2.950661038070224
2.9237185241293537
2.9089282963049503
2.911858572227548
2.8865689467205558
2.894420347356981
2.8964412887544597
2.8511731520064116
2.8640037239059923
2.819760607252287
