2.3642960019337655
2.281236159187059
2.1470388662853495
2.445070004057237
2.695871121780257
2.6541138393945864
2.6321137946594493
3.039244615120982
2.5661105246956426
2.561715837480613
2.8947156750546914
2.9872178446297486
3.1550598559816256
2.9937030693873576
2.4158676925256293
2.7510041378359613
2.865424804982643
2.7982477692486887
2.7852636841766527
2.845138961414121
2.4559619020494075
3.1596776666149697
2.6383013654512246
3.0715437915760746
2.5459219878629447
2.7817899514001687
2.7866597171757994
2.4248673257825564
2.6974443412024582
2.8087628356772965
2.554614499423891
2.625187749309689
2.787672314619722
3.0591421963923877
2.5787324132153477
2.6323808983784365
2.4934849964820787
2.7156973413152734
3.1237185713721485
3.418190652798575
3.0323904149827463
2.681747766721649
2.752669381096897
3.493617568156492
3.32887912984274
2.663560906698558
2.9795110926779524
2.8662548307663713
2.511556939298636
2.9298265648502606
