5.019948610482701
4.888709399768774
5.019416094132587
5.034160512079315
5.065184777221601
5.053873634840699
5.042092844675404
5.051984299307369
5.033993954342414
5.037789738986867
5.032037575284109
5.011334649644187
4.993947956569393
4.996855415273668
4.99329570545322
4.98699193941726
4.980454731759408
4.974801206331459
4.972982791749203
4.981482033371803
4.969539182342949
4.974189043596372
4.9611509708804435
4.977871510561054
4.9583731440086405
4.976492088169381
4.950335847633103
4.966051844445431
4.958006566376995
4.966664007731846
4.951852116898422
4.957555822147495
4.964295856019086
4.958452095843293
4.959354373068384
4.951732846105209
4.96668780346201
4.965313680983031
4.957096791708457
4.9624420213307285
4.965356876401715
4.962280750029624
4.954939215119549
4.965841705054198
4.952889089777928
4.969297447221742
4.960898361862747
4.9705461633658725
4.967387768126955
4.955944483657535
