6.1175162555935145
5.637286455014498
5.428048247382755
5.276686511291347
5.153180075121355
5.041010241711001
5.007109468968219
4.978050568849424
4.9692777562478945
4.97656605019686
4.950064815609611
4.946255173922506
4.947306582673023
4.947773104315406
4.9478117354895
4.931739843336619
4.940801446809118
4.94401976562068
4.944643020016192
4.948229022007651
4.938459242326106
4.948316971154133
4.928789406362801
4.945243753828444
4.933137712024507
4.9293022481017434
4.948387860331296
4.946983576127768
4.937182747412526
4.941501738942268
4.930487408140912
4.941804668004295
4.951969945752943
4.954228844268288
4.951675906604781
4.936072130460997
4.954411865047813
4.958529440439192
4.946905895242973
4.968918356042417
4.951734571690111
4.949241015901897
4.952342907894532
4.961734381421652
4.978939339921281
4.969975459836471
4.971284811714595
4.9806985582010475
4.971986094343463
4.978970240441988
