2.046534042560281
1.7048866505508757
2.1978129517960756
2.632838736220104
2.7382458853271774
2.682597801754456
3.532629731663679
3.057137924956661
2.82362050374861
3.1428635005461585
4.109713817707032
3.1335021302933743
3.472491243990456
3.7586621147556016
3.471977274263174
2.743191607279323
2.99155149578335
3.6481084216864383
3.5025101218199435
3.6403208332461143
2.7806001021957485
3.14095399767037
3.280288086143771
2.807298921436085
3.383953697934877
3.249471696740847
3.374915535857038
2.978927047692627
3.6802510323746107
3.193474374550364
3.4983575096121595
3.0579248226243014
3.4061883156934862
3.444713965462914
3.109689252858221
3.1203785788557576
3.339959040963041
3.266881212626412
3.469475485353606
3.5367924721077517
3.2575780638779466
3.1043219145574277
3.2259631577692325
3.197459992921358
3.684661948894829
3.1402567327708293
3.032049218411277
3.1693737429514823
3.1079429625587096
3.331248085618403
3.3001675432418494
3.0575260259125345
3.1734436453623096
3.4196213678012395
3.45875419842939
3.4249876398564045
3.4396242570394313
3.325519200244698
4.0355733727948
3.6890908148888886
3.459336581396936
3.370993926894868
3.311746535957326
3.377724191257057
3.396743434944627
3.1732874402130906
3.880307430613167
3.373008252671387
3.150034124599971
3.133459424292279
3.2233610515269717
3.2976541975594533
3.415074822982774
3.638221533135012
3.413904033988728
3.7259776584574333
3.7597588997418243
3.1541157384320333
3.5341408678972934
3.060660039725745
3.7259802139688625
3.5185193604058074
3.34192092886072
3.229617792452967
3.305710661372884
3.3379657227379687
3.217979309474385
3.608983389858381
3.4535026135556555
3.188316376868668
3.615809170430671
3.4053161931487748
3.780646739223285
3.8239583974602143
3.4789201782641737
3.301200639362221
3.3649315532319184
3.162682471300565
3.4135584990878396
3.638265847227182
