4.017295077654079
3.363608943296062
3.2885777124873767
3.224315208511156
3.1704011831811343
3.1176134898702457
3.074457715683769
3.017033369844945
2.968316325809965
2.9189136218533704
2.88895904419505
2.8440788418169647
2.8316681228549325
2.78261255328106
2.7792794195074526
2.7431210458969058
2.7090487427999923
2.694313116515465
2.6824066683439063
2.655798921100268
2.654902685409654
2.63229522281632
2.6321972602429384
2.5977654251506124
2.5659295203909758
2.565547796289893
2.570559242057064
2.5437600980854405
2.5333860768928185
2.529781037622744
2.505700901208237
2.5091401243455316
2.502593020674805
2.5050025794803714
2.4848735005699067
2.4720095336207093
2.452681104648988
2.4490978358795283
2.463823677643539
2.440541417902501
2.455847726058469
2.421690053767986
2.4167848736469657
2.4282956411786367
2.426205398800137
2.3968784463911903
2.4173611381032445
2.3709847815095073
2.4021759004052847
2.400436620147685
2.372095741360344
2.384834918429646
2.3821007097703304
2.347281159427942
2.3552792563248173
2.3519131321090834
2.35589096675048
2.3567776956153192
2.343954299714421
2.3424390184679855
2.324531418016058
2.3292383533954006
2.3546054103966694
2.320037929861395
2.3334969191630988
2.318590668330935
2.3149651888868217
2.3182013453664005
2.3048125244629123
2.3053614359871606
2.3076370675284585
2.314039366279023
2.2984788101765794
2.3091852451690222
2.2994615822992115
2.2981300972296617
2.2725750075957643
2.2902004772478395
2.2732256819689445
2.283027617781012
2.2844280475508447
2.276753642690995
2.2715744645439058
2.2573503291131294
2.2809290844501215
2.2533614884011994
2.2668256759643555
2.2629666237910895
2.27686675527688
2.2407312792087
2.255223426119241
2.246600375058875
2.2359489797778727
2.2511681780084833
2.2274447506152217
2.2534894555078355
2.2490189086209544
2.2390820779088534
2.2333062061778675
2.241484071143652
