9.516988320784135
9.253660288724033
8.540496739474209
8.870589342984287
7.852138432589444
6.508633353493431
7.440609758550471
8.097143866799094
7.453472397544167
7.319264108484441
5.751511487093839
6.764136574485085
5.324435710906982
5.270559050820091
4.862252928993919
5.232163559306752
4.440213853662664
5.157748222351074
4.886818972500888
4.519657395102761
4.170298142866655
4.24269775910811
5.049210938540372
3.4672352183948862
3.316704359921542
2.7869221297177402
3.212878769094294
2.8035193356600674
3.533448587764393
2.834885597229004
5.594591704281894
3.3422474427656694
3.819304249503396
3.8499922969124536
3.590116500854492
3.482860565185547
3.913730361244895
3.2041606686332007
3.6469450647180732
3.338950829072432
4.039750662716952
3.694993560964411
3.7328306328166616
3.018407778306441
3.4544747309251265
3.095769015225497
2.996054237539118
3.952774914828214
4.611848224293102
3.863102522763339
4.5127433430064805
4.111033179543235
3.8902407342737373
4.694696426391602
3.3818088228052314
3.4422129067507656
3.1981747150421143
3.773980422453447
3.290723107077859
4.433267159895464
3.8470869064331055
3.993469715118408
4.436014132066206
4.059815536845814
3.5756794972853227
3.572492577812888
5.285157983953303
3.4940904920751397
3.9691932418129663
4.896066232161089
4.594028689644554
5.253726222298362
4.624824567274614
5.84203932502053
3.825190479105169
4.303834785114635
3.953179792924361
4.799870404330167
6.543903524225408
4.699842583049428
4.258665344931862
4.936093330383301
4.996253230355003
4.768750060688365
6.185571323741566
6.02869666706432
6.6593709858981045
4.161865147677335
5.065732219002464
5.781618595123291
4.037730607119474
4.888794205405495
6.276045842604204
4.354782364585183
5.143211148001931
5.413031751459295
5.698555036024614
4.423225619576194
4.486279574307528
6.4593704830516465
