4.134176997596025
3.7057314679652453
3.3449590364396573
3.0335012621819972
2.774343882161379
2.5569477298125625
2.3664851614877582
2.180573096384108
2.026473774728179
1.8622707712709903
1.744822567808628
1.6575783545278013
1.5497334268711507
1.466483020119369
1.3839440691314637
1.3081073780916632
1.2490415806911885
1.185205499957502
1.141322759244591
1.089145278134197
1.0447944168843328
1.0128858965422958
0.9819406438171864
0.9547390539072454
0.9302920062549412
0.9096041847452522
0.8858490208329632
0.8759535689514131
0.8542497298013418
0.8470685264930129
0.8281664882600307
0.8138243033289909
0.8063222105622292
0.7965622791085393
0.7738686124458909
0.7873422083761543
0.7791377391941845
0.7629673249017447
0.7588315422430635
0.746631160145253
0.7410130661711096
0.7372291565727442
0.7308771513078361
0.7144043564725667
0.7024650308106095
0.7007216256190092
0.6946629055952653
0.6914637712944299
0.6927598527919501
0.6900364709354937
0.6844272168044001
0.687120512612164
0.6725218614183366
0.661349997954443
0.6624894566429779
0.6540833110056817
0.6500642542418092
0.6625966634202749
0.6349873032534495
0.6491875247251242
0.6454007255170494
0.6429178434431553
0.6394674430571496
0.6409822979278863
0.6249600130155682
0.6268330856414511
0.6233039948344231
0.6203625360067934
0.6221584731835872
0.6221557184752077
0.609682902610302
0.6119799836825579
0.6051785788271576
0.6094662198916078
0.6073781445618719
0.6001504368394613
0.592722495148331
0.5895501651901752
0.5935835985522717
0.5944956228414551
0.587773216887936
0.5870314635463059
0.5896166787896305
0.57897111922279
0.581704960796237
0.5715937826655805
0.5757033297594637
0.5757830792883412
0.5706243804387748
0.5673789500098676
0.5677120824910701
0.5655146028071641
0.5645948427576571
0.5561911968855188
0.5630302361692302
0.5537292052503675
0.5595819667328149
0.5590352621329948
0.5536375768151134
0.5507294112995267
