7.745716632926464
6.92954573969841
6.342804394197464
5.837279310846329
5.402559683358669
5.0095062030673025
4.652056462240219
4.286263058555126
3.9785548722326753
3.686864664453268
3.4380379783034325
3.2579998523414133
3.0485044845491647
2.8812320707440375
2.7277765757620336
2.605372222852707
2.4963348503053187
2.3980654948055746
2.312195688468218
2.227336487787962
2.141322945711017
2.0926442663013933
2.0143729109197857
1.9570390890866518
1.9252892916500568
1.8702499536067247
1.8198312759906055
1.793101068341732
1.752127981260419
1.7321843736708165
1.695541446635127
1.6689129779398442
1.6466912516146899
1.628691396793723
1.5928966392338275
1.6001891089498996
1.5798750737965106
1.5481845206528901
1.5461514392763376
1.5213260360360146
1.5105044522553683
1.4955804633319378
1.4802103706359864
1.4565227507978677
1.4445090971171857
1.4349568835198878
1.4284785064056515
1.4130103191703558
1.414822291110456
1.411344616818428
1.4015010108530521
1.4027051445439458
1.3776943847000598
1.3597619413673878
1.3516144884198904
1.3419625418022274
1.3321576468735934
1.3451986011117696
1.3122338918685914
1.3325925485238432
1.3216020171642304
1.3213791246548294
1.308741798260808
1.3098013549119234
1.29725008315444
1.2871337274760009
1.2761121576726437
1.2696571145638824
1.2765341260373593
1.273946371935308
1.2556868453159928
1.2558305413410067
1.2456542573451996
1.241881931747496
1.2467138341680168
1.2254436557352544
1.220435410580039
1.2133195557460188
1.219573037390411
1.2143090274780988
1.2069478145435453
1.2020164052546025
1.2035247352764011
1.1870410738468171
1.1937659001156689
1.1811952291473746
1.1831927777141333
1.1786695936322211
1.1713218706443906
1.1642262959048153
1.1657682954102755
1.1631444714203476
1.164199285519123
1.1463697637870909
1.1572298159986734
1.1463461192712188
1.1470216169059277
1.1428792981773614
1.136872345596552
1.1364465246602893
