2.2042711091454095
2.139561784252469
2.1270457674658685
2.079742145619218
2.041818002678927
2.0199426876517084
2.003559984978908
1.978875603748685
1.9599326743642906
1.9197731923032981
1.8897924893483302
1.859745296619668
1.8290820402523302
1.8262441834226255
1.8170333681105555
1.7957625649475393
1.7659005124441844
1.7372891197486848
1.705831406329829
1.6890605736866304
1.6650997520530575
1.6532201806583737
1.6432904651025346
1.617362899953013
1.6067015375999216
1.5945133906274882
1.5594857172416603
1.5525127353201658
1.5205552062114769
1.4962766463861639
1.4766993719720714
1.465832997193767
1.459447985255468
1.4214031415943886
1.4127144125796598
1.4009243123941524
1.3842085460113445
1.3690228903916721
1.3718723119819514
1.3627068732314147
1.3651494746877448
1.3679837957266046
1.356217362012943
1.3582741124365434
1.3496137979868528
1.3561749879078848
1.3380184248717466
1.332778909885301
1.322856637565671
1.3012588494173212
1.2929447953510602
1.294294037102286
1.2874774015038901
1.2685941646088583
1.268830161508826
1.263208779338686
1.243210344353908
1.225422423818695
1.22943020340619
1.2104130335333514
1.186227536995856
1.1726427832176585
1.169850076769422
1.1511931161743034
1.1355393358331092
1.1225264791229295
1.1152900912391432
1.114269716852196
1.1000946454972524
1.0943445713073836
1.098420206440866
1.0766062960181064
1.0755944696412905
1.0770633684539959
1.0655762473265704
1.0636484922793754
1.0684302608044873
1.0625825782171565
1.0353770194511134
1.0378789120888403
1.0357511421474301
1.0360819693541035
1.0255057202475866
0.9925374508735317
0.9923484556038815
0.9895386417306439
0.9882655284410876
0.9708297562311422
0.9858523586349888
1.0140423827099392
1.009448146754588
0.9972582683231905
0.9668835132717754
0.9619111895037865
0.9626467892939192
0.9687914437964874
0.9452347614914877
0.9423140564806398
0.9474321063304633
0.9730362480907293
