6.172165720149724
5.994369166065948
5.79827812946204
5.616673092649441
5.508103890852495
5.394877366345338
5.309902360945037
5.2017991253823945
5.138812393853159
5.061542868614197
5.003618620862865
4.927848512476141
4.8541885819097965
4.786523483618342
4.768120576034892
4.68533523817255
4.660372263855404
4.620259312668232
4.577012535899576
4.553310860889127
4.511856280191981
4.475121884032934
4.448428436361178
4.4214588704735345
4.402400199211005
4.36794438867858
4.367911524844892
4.352800483053381
4.284919343813502
4.284174108746076
4.254963409419012
4.252309224220237
4.212738508527929
4.2389215537996
4.2129950336735655
4.183738325581406
4.1930585630012285
4.161567157567149
4.149508764045407
4.137826644410991
4.134861952126628
4.115398602654236
4.110432136540461
4.084847067943727
4.087134684577133
4.072488857038094
4.065356355122845
4.065718718249388
4.051198425317051
4.032141413953569
4.022053536742624
4.031912287076314
4.030603764033077
4.022273614551082
3.9954263838854702
4.021476428316097
3.9816271704856794
3.9758998727557633
3.995338950494323
3.985273022844334
3.968980498386152
3.953919074150047
3.952388251068616
3.96280721702961
3.9679291723954555
3.9479496527199793
3.928656902578142
3.9238942048766394
3.916444901264075
3.9243899349010354
3.924728845105027
3.9072983325129806
3.885759826260384
3.8893629758044925
3.8748525585791076
3.8952567450927966
3.8868044289675625
3.8512257548293682
3.9058242500430405
3.863056125664952
3.873186389605204
3.8589167618992355
3.8484451433624884
3.8585253092977734
3.8611416256789006
3.8343076146010198
3.828241907586955
3.8244775009877756
3.8435053060753175
3.8256815467217957
3.8156386174336827
3.8345231305469167
3.8312650124231973
3.8195673293537564
3.8184423946370982
3.8133764742600795
3.801443561761066
3.8194821470915667
3.8267025965632815
3.8070381494483563
3.80205130035227
3.787182862108404
3.798302487291471
3.802506487176876
3.804990256073499
3.76525979210632
3.7733875771965644
3.7865996378840823
3.7690058296377007
3.7859686962281813
3.780274878246616
3.7611402550128976
3.790380501385891
3.7794027509111348
3.754529331067596
3.754486806464918
3.7748110113721904
3.7649050896817986
3.757038238674703
3.7608998411833636
3.7468721806400955
3.7409768014243157
3.7571179029917476
3.7614679595436713
3.7446125354429687
3.7385829289754233
3.7507221650595617
3.7354981863137446
3.7289054568367774
3.7542793648411528
3.7305626194886488
3.716862379902541
3.7205711494792593
3.727428436279297
3.7082257096213525
3.734481595983409
3.7147148919828012
3.7216293432495813
3.727369411425157
3.711336323107132
3.707499318652683
3.7011637236132766
3.7081407922686953
3.729389321322393
3.705746946310756
3.7152552839481467
3.703547188127884
3.7013896023384247
3.728694812818007
3.692738059795264
3.6857447798806007
3.7050016931813174
3.6915201737423136
3.698247179238483
3.6964418394397005
3.704652595399606
3.69946684861424
3.6835758433197485
3.724945928713288
3.707206260676336
3.689902791471192
3.700020058588548
3.685571734351341
3.6737151218183115
3.6764194411460798
3.6757277786129654
3.685027894347605
3.68936188052399
3.6775849624113603
3.6698099212212996
3.686843469889477
3.6783034301767445
3.6756788106879803
3.694399231010013
3.685589267749979
3.6733931489665097
3.681890819409881
3.6733857886959806
3.6544331408510304
3.6490679943200313
3.6556751854491956
3.6607236133681402
3.6903337998823686
3.6750131297593165
3.6555029472919425
3.6649043915247677
3.639993713961707
3.675252459868036
3.653942335735668
3.649340452569904
3.663114256931074
3.6436032117015182
3.6601070051241402
3.6363734813651654
3.664599961704678
3.654602588427187
3.649490723706255
3.6427475015322366
3.6523572164352496
3.6389772946184333
3.6512794247781386
3.641463450711183
3.6711461887215124
3.634775885427841
3.631879110528965
3.65295712755184
3.6285597320758933
3.635108446231996
3.6411370966169567
3.6381412040103567
3.6383855210410223
3.62830442250377
3.6285038078674163
3.6451967521147295
3.6199811179228503
3.6478639245033264
3.6361946397357516
3.6485712341587955
3.605648692810174
3.6199046855021004
3.6154323455059165
3.6222078794180743
3.620453614177126
3.619599984751807
3.6134246431215846
3.6128721026459125
3.621788786517249
3.6321913804670776
3.6071451185929653
3.6266482093117456
3.6339402066336737
3.629243199271385
3.6115567082106463
3.6208762363954023
3.6074176623363687
3.6035986759445886
3.6223700534213674
3.618403162017013
3.607797491430032
3.6175811519526473
3.634075332771648
3.611182027392917
3.6144606410854996
3.5940687776816014
3.591826567746172
3.591619625838116
3.5876138685929653
3.6015194305265794
3.600425655793662
3.5969442159238487
3.5958114862442017
3.5778788472666885
3.5871046269782867
3.587551985726212
3.5953161728502523
3.582700459041981
3.5919023348827555
3.5956872623376173
3.6038739422355035
3.615528971257836
3.593009665758923
3.6086809930175243
3.611142750340279
3.5842924671943743
3.5825386372479526
3.5861962810911314
3.6149725618988575
3.5813913592184434
3.5779243797966926
3.577504490963136
3.5731002146547493
3.6030652691619567
3.5777772665023804
3.6064729329311485
3.592570839506207
3.5737009602363665
3.580856558650431
3.604519546031952
3.578807437058651
3.5884389251169533
3.585963806118628
3.5746716862977155
3.57190501449084
3.5772867931260004
3.5922618183222683
3.579898953437805
3.562084571881728
3.5783550974094505
3.578810847166813
3.554445296224922
3.5904195525429468
3.5733112084745158
3.5721360920655605
3.5776543352339
3.5903686778713957
3.566699136989285
3.5636627800536878
3.5631509122222362
3.5595755239929816
3.5889973935454784
3.554085343173056
3.5790870737547826
3.5625278173070964
3.5607974155984743
3.560143266663407
3.5653859274555937
3.546485275933237
3.53905537814805
3.5523115920298025
3.5566191691340823
3.5622699778489393
3.544137787337255
3.550566725056581
3.5703355200362927
3.554685723299932
3.5474579394465744
3.55405553422793
3.549292624598802
3.5665659212102794
3.547123575451398
3.566849905433077
3.5791785747113853
3.571134844813684
3.5451865599612997
3.555656651053766
3.556121209053078
3.571806814333405
3.5496548450354375
3.5644891376447196
3.5529724269202263
3.537800866546053
3.55742534483322
3.5320734140848873
3.5567013476834153
3.5594290266133317
3.550076647238298
3.5637172189625828
3.540604602808904
3.549177849533582
3.5549520218011104
3.534516307440671
3.5487827345578355
3.527743121590277
3.5322488058697092
3.5363265161562447
3.540828369482599
3.554972927979749
3.54221144770131
3.539396189077936
3.541858631553072
3.5257520802093274
3.54481782455637
3.5372048520078563
3.5285689710366603
3.5682807582797427
3.5268714777146926
3.5468179824376347
3.539285765753852
3.5365435992828522
3.5515363216400146
3.540554595716072
3.5291368172626303
3.524195118985995
3.5217202564682624
3.5269352004985617
3.5656716950011975
3.51797662660329
3.540235480274817
3.527462605876152
3.5290181642830976
3.5245426598221363
3.539200225863794
3.5436304416319335
3.53817145812391
3.533868999192209
3.5185798653448472
3.515393367921463
3.5580935399941724
3.5247945436323533
3.538379556602902
3.5267740229163507
3.52272406551573
3.548514206602116
3.5378751465768525
3.5217200692253883
3.5154755163674403
3.528592104863639
3.5227827231089273
3.5174597224803885
3.531133675214016
3.5227730244097084
3.5178411434395143
3.532150246278204
3.5194897043584574
3.5135318390046706
3.5237835067691226
3.529188054980654
3.5209107946867895
3.522718875697165
3.527395430839423
3.528098022696948
3.530041504989971
3.532889829741584
3.529642356766595
3.503985456746034
3.5052978017113428
3.5043093351402668
3.515276758959799
3.512848230323406
3.528512099174538
3.5251379621149312
3.529389602367324
3.5378197696473865
3.512594597508209
3.5294460377307852
3.5158661712299693
3.508705070524505
3.50176243167935
3.525743925210201
3.5303712992957146
3.496255246677784
3.5439644732860605
3.525626626279619
3.5197490869146404
3.5073865658105023
3.5342668186534536
3.5307403917264457
3.5010520773704608
3.4991783108374084
3.5142366308154482
3.513001621371568
3.516447253299482
3.5228315898866365
3.515491226104775
3.5237030748165017
3.5016923191571476
3.5127481390731505
3.5097411154496547
3.4968376153647296
3.498973518911034
3.503355778829016
3.5025688500115364
3.51416195342035
3.506682514542281
3.514968668571626
3.495169871383243
3.5024596428630326
3.518849744941249
3.513744113421199
3.5144755099758958
3.501432777655245
3.5292746767853247
3.536912077003055
3.5121177826264893
3.498955695918112
3.5057482791669443
3.5042906951422643
3.500251375063501
3.514319502946102
3.5030968327714938
3.508464120855235
3.5221895214283103
3.521039657520525
3.5117130875587463
3.502593118132967
3.497752247434674
3.5027480721473694
3.4983140452943666
3.4952816367149353
3.5002569989724592
3.5010229451487764
3.518782125578986
3.5112558657472785
3.5093630931594153
3.507055990623705
3.5009561662722115
3.4938904516624683
3.50061715371681
3.510691270683751
3.5041653706569864
3.514232556025187
3.488008555739817
3.511284615656342
3.502192098082918
3.506238987951568
3.4915650884310403
3.4945743890723797
3.51059220234553
3.514720260494887
3.481890483336015
3.498593747615814
3.479373088388732
3.508053415953511
3.480682758369831
3.487965141884004
3.4868774432124514
3.487911267714067
3.4883253375689187
3.4871078320223874
3.481026615759339
3.4827679847226
3.500017356390905
3.491197030953687
3.487724149467969
3.4860647067879187
3.4948961204952664
3.493063712360883
3.4940880151710125
3.4982696374257407
3.47677124871148
3.49865909477677
3.4926747625524346
3.505817508456683
3.484197149373064
3.491018062890178
3.4921674487566707
3.505845157787053
3.495585120687581
3.480944907424426
3.5091032506239537
3.4936465404250403
3.47357076165652
3.4902024738716357
3.4904797071158282
3.4926675479821485
3.4971190335774662
3.4878783755832248
3.4848453402519226
3.4979837825804045
3.498865462914862
3.481829707068626
3.4791468141054867
3.463986327551832
3.4882336830852005
3.486607210804718
3.4851890242461003
3.4856981851837854
3.4910962491324455
3.481323606438107
3.5127418733606435
3.4946458514290626
3.486114951697263
3.47938630436406
3.492601786599015
3.4766141934828325
3.4777662386797896
3.4791313036523683
3.475731712399107
3.4866815980034644
3.4864975051446394
3.487157202730275
3.4786211523142727
3.4964696825152695
3.482613352212039
3.473692072160316
3.5006471583337495
3.4808065162764654
3.4586301379733615
3.4595734994820875
3.5107594090278704
3.4698466152855842
3.466387370018044
3.4969980638436597
3.4730037252108255
3.483509710942856
3.4912007426974747
3.4753990504476757
3.4582051050783407
3.4898821229886527
3.4750743195264024
3.488938554368838
3.487847473886278
3.4686576766197126
3.4777633638092964
3.4773970300501045
3.455674743411517
3.4768501754963035
3.4902330305841236
3.4526889998503405
3.502533819338288
3.4867840072121283
3.465872848876799
3.474484143233058
3.4705586981291723
3.471560941200064
3.4669807733911457
3.5090159990570764
3.4741305407851635
3.4654462331473224
3.4805289380478137
3.460749511164848
3.448582000202603
3.4745767550034956
3.4683517855827253
3.4775325288676253
3.4729459851679176
3.460398509646907
3.452380180960954
3.47947873792263
3.4677229306914588
3.4704633553822837
3.476698475052612
3.4714964128503896
3.4757637610339156
3.4727209384995277
3.4495500265949905
3.4743524753686152
3.4829959351607043
3.4596742794971274
3.475958374413577
3.489602374308037
3.4673106863041117
3.465005308690697
3.4653669180292073
3.4509811250850406
3.466092910429444
3.4682078235077136
3.467080076535543
3.4763604035281173
3.4605221826620776
3.456668071072511
3.4780957566367254
3.4778712175109168
3.4620129357684744
3.4677026765515104
3.4517544405628935
3.4650478880814832
3.4595742135336907
3.46705730936744
3.4778279481512127
3.4711192123817676
3.465144846174452
3.4566384614116012
3.472957759794563
3.47093677099305
3.451889790067769
3.444170416605593
3.474403799182237
3.4634546890403284
3.4687331475392735
3.454156245246078
3.4602862572429154
3.4659036000569663
3.457109895619479
3.4662374775819105
3.4906779527664185
3.470241581550752
3.464358383356923
3.4558375447687477
3.457400812645151
3.4528442145598057
3.488041816937803
3.465215321743127
3.4636512392699115
3.461422561997115
3.479546210982583
3.4576494633549393
3.4391720108311588
3.4693027000234586
3.458556810412744
3.4709120549336827
3.456208074333692
3.4607039828493136
3.4647143164066354
3.4623455904951
3.445606717557618
3.4569837529249865
3.465839968787299
3.447475451411623
3.4651719078873144
3.4594718735627454
3.451572672887282
3.4663591083854137
3.453148360204215
3.4609297435693067
3.4608205141443196
3.461434280631518
3.4586985839737787
3.4434464471508757
3.45493749356029
3.4751264585389032
3.4528523858147437
3.4686718155639342
3.446195363396346
3.455906167776898
3.4483819935056896
3.460256657817147
3.4678616957231
3.4708027183407486
3.446688169180745
3.460115905964013
3.465058956483398
3.4371233287483753
3.4616239973993013
3.4541001626939485
3.435304688082801
3.444387345000951
3.4531082492886167
3.45424358351062
3.4396821796292008
3.470528683879159
3.4488873421543778
3.454855249987708
3.4428134945907978
3.43793343173133
3.4400328969714615
3.447901478921524
3.4675505480380973
3.465899545736987
3.438663651846876
3.47772050867177
3.4598789660617557
3.463918666646938
3.4585005604859553
3.44527905577361
3.454604564291058
3.441739649483652
3.4450774674463753
3.4597775147418783
3.4553232192993164
3.4611826274130078
3.455944331607433
3.448270296207582
3.445152978102366
3.4446859389844566
3.436578150951501
3.4334756629635588
3.4406431299267393
3.4432685290924225
3.4363827392308397
3.480987730652395
3.445056734061
3.442189523668
3.4525803803193447
3.442798810173767
3.452951421039273
3.454500619811241
3.4370168802714107
3.467592609651161
3.4590888884332447
3.467765061542241
3.4344400173485883
3.455080038971371
3.43637950010974
3.434648282600172
3.4303698792602075
3.4610680395906623
3.438646280404293
3.458295211647496
3.4305898444821135
3.442950670767312
3.453370427242433
3.4500058510086755
3.4669438570436806
3.4541286759906344
3.4407547670181353
3.453569717479475
3.4442600445313887
3.4449576247822153
3.437383577679143
3.4381905228200584
3.468658837405118
3.45661129915353
3.4474562954420995
3.4593050528054285
3.456648765188275
3.433231309206799
3.4484166653469357
3.4331498212284512
3.4516645681978475
3.4421572047050555
3.4620072829602946
3.437251431773407
3.4264400005340576
3.4437195556332365
3.437972517326625
3.450918982125292
3.4358594230931216
3.4323210053973727
3.4403708805941573
3.4263146989273303
3.446868421453418
3.4337950776321717
3.4318579880878177
3.43263400985737
3.4310566367525044
3.436876563712804
3.4634342241768885
3.4595492385854625
3.454248940703845
3.4387864283841068
3.4647777357486764
3.446860524139019
3.4438422237983857
3.459098042261721
3.440334147275096
3.422636436091529
3.4427454014017123
3.438017280414851
3.4422599751539904
3.4443448589305685
3.4326126105857617
3.4506690646662856
3.4413112263486845
3.443772363542306
3.4220689709740455
3.451632841668948
3.4167532667969214
3.4388432213754365
3.429055264501861
3.42139397847532
3.4547183056070345
3.4325078798062876
3.4274684901189323
3.4304166195368526
3.4404125466491235
3.4248190040540214
3.443876950427739
3.41890006113534
3.438103422372028
3.44447840584649
3.4544934503959888
3.4322742898054797
3.4258408239393523
3.4551422108303416
3.4546399935327394
3.441960617147311
3.426563079308982
3.4309226810330093
3.446859876916866
3.431077666354902
3.442378089283452
3.427698122732567
3.4327257137105924
3.441982758767677
3.435936886854846
3.4259815595366736
3.4243433011902704
3.4301254183355003
3.437702825575164
3.432580888873399
3.4177386387430055
3.4126555672799697
3.438058007245112
3.4354946685559824
3.464499715000692
3.4290859903952087
3.4161507252490884
3.4300372666782803
3.434833901699143
3.428498368070583
3.4493843937160995
3.4352793783852547
3.427853154413628
3.440114464422669
3.4433989849957554
3.4163891721253443
3.4259699089358553
3.439349070943967
3.4366301081397315
3.42995084957643
3.416793171203498
3.4291807708114086
3.455350945092211
3.441068613167965
3.4499355855614247
3.420642076718687
3.4371724291281267
3.4299283689922757
3.436950445777238
3.413100641183179
3.4287186439591224
3.417306655585164
3.451545177084027
3.4500231188957136
3.419298637394953
3.430883972331731
3.4390568028796804
3.4185897641711764
3.4397349887424045
3.4372295604811773
3.4239326643221304
3.4280567584615764
3.413406816395846
3.4142806758784285
3.4258892764948836
3.4270092592094885
3.4111848545796946
3.419883263833595
3.4387236400084062
3.4263791273338624
3.419542639544516
3.433962728640046
3.429476533875321
3.4173496642498056
3.420044379402893
3.427843012593009
3.4238792615707476
3.4073071359383937
3.427692128552331
3.4261257034359556
3.4396650195121765
3.4144103388593656
3.41420338009343
3.414968692293071
3.415481019501734
3.424076390988899
3.449128158164747
3.437918398717437
3.4279912902851297
3.4439773993058638
3.4190379266787057
3.4265069058447173
3.4247825561147747
3.43011075258255
3.424889138852707
3.4349245224336182
3.430143695889097
3.43912633079471
3.4141699358670397
3.4326041087959753
3.429654510334285
3.431609682362489
3.4303369762921574
3.411665034414542
3.4206643917343835
3.4251556655373236
3.4187727672885164
3.4245091152913645
3.4143885030890955
3.4322938521703086
3.4132125353572342
3.436556501219971
3.4347472461787136
3.4322504581827107
3.4249186503766764
3.423307834249554
3.4055595434073247
3.4307612770735614
3.4178772153276387
3.4338821985504846
3.41519703467687
3.440436309636241
3.4275789309029627
3.4192026859582074
3.42535098213138
3.405674464172787
3.424523681101173
3.4273458532612735
3.4188550475871926
3.4229134092427262
3.429303634648371
3.4234253962834678
3.430176793324827
3.4193151177782
3.427965217768544
3.411290259674342
3.407541845784043
3.42742746887785
3.4097090116654982
3.4150098285289725
3.421699066956838
3.420229713724117
3.4214778783345463
3.4315365583005577
3.3964988234067204
3.419726550579071
3.4328442071423386
3.4163843573945942
3.443849588283385
3.420750206167048
3.4190969461142413
3.4375313141129236
3.424181180770951
3.4162113877257916
3.400761148544273
3.4153715474436983
3.4008955287210867
3.410589042938117
3.418432852234503
3.3993173891847785
3.4173238789192353
3.4113961259524026
3.416800244288011
3.4280381660268766
3.3964904685213106
3.433989889693983
3.4334024576225666
3.437966175151594
3.4158544395909165
3.414202789465586
3.4286652731172964
3.4113836282431476
3.4112929358626856
3.415235379127541
3.4094762157912206
3.4097345537609525
3.4271946320630082
3.4238434789156673
3.409587055745751
