8.541746607934586
5.1392795991415925
4.691261395661518
4.605448986544753
4.560249320786409
4.5358009187862125
4.533621166691636
4.506814842272287
4.516641612606819
4.499074447034586
4.5148409719419
4.509832565230552
4.50155749044033
4.481035137417341
4.487654155552989
4.486679257166506
4.464050039498493
4.445715709166094
4.426182316409217
4.439930021762848
4.412662651201691
4.418781704974897
4.392182357985564
4.397243306492314
4.3883445359239674
4.408704625235663
4.399713787165555
4.398093004419346
4.365123603681122
4.347327589386642
4.343044639837863
4.34935480235803
4.338499096908954
4.352501134077708
4.323876710853192
4.34382617112362
4.301896304795236
4.288942960777668
4.292519013086955
4.308504660924275
4.293409282510931
4.284870988190776
4.2576997201852125
4.254704721046217
4.256254651931801
4.24995841401996
4.246749153642943
4.244912361857867
4.240555194291201
4.25666077510275
4.236386425567396
4.231984803170869
4.227659677616273
4.22930756482211
4.235091253362521
4.222824596997463
4.201977163854272
4.207257820500268
4.190944343504279
4.2082512727891555
4.209919839194327
4.188315878612826
4.178679579436177
4.190750239473401
4.174117210537497
4.175484551323785
4.157014489775956
4.167018718791731
4.1592129908426845
4.1633907430099715
4.147037867945854
4.156090398629506
4.1400916058607775
4.150026718775432
4.165935503111945
4.155488149084226
4.129351863355348
4.131192429499193
4.138457227836955
4.109499380444035
4.143294206773392
4.128304651891343
4.114975769712467
4.134180521122133
4.114089072954775
4.108514573236908
4.092186929601612
4.114269607596928
4.104994221769198
4.105863846913732
4.101933085557186
4.098329877612566
4.10440720813443
4.073894766846088
4.081159105806639
4.078667277639562
4.064793664999683
4.07502965011982
4.081752912564711
4.082910419714572
