0.2580920332130837
0.20113790256466044
0.17902371568218484
0.19561764652575922
0.12353289726689719
0.16313551749111316
0.13997281482249027
0.1117100668876891
0.10983664344520844
0.26925449237364146
0.10622496645061845
0.14548476211869588
0.21405085273167807
0.12071262800862533
0.3354283015960649
0.20644473777252798
0.30190823559615887
0.34055686597281243
0.28251162672211866
0.36044608716471577
0.36220697423534853
0.40891932509684187
0.730698651652022
1.0696131526131347
1.2906929618174876
1.5004995687988223
1.646274534412182
1.7987509348598294
1.9798609695278475
2.249511405577055
2.533034317934881
2.5532016557539574
2.860887959487643
3.0303151284385663
3.1002625574461113
3.4008319066453714
4.080436104630509
4.378445427352135
4.764938390011386
6.139297706967498
4.687026914752852
4.907488154460233
5.322036503950092
6.943164228597614
6.232455895183681
6.177054748324378
5.657962155650316
6.1072634633527985
6.308602310499616
7.585004081320425
6.866854186650611
6.893618706070055
8.05937727348719
6.356984326698265
6.2371587554448045
7.122301984071931
7.004633343547856
6.859452419324753
6.750069888558758
8.590214615568108
7.043959655694111
8.753494209503511
6.961488947259872
6.523638968571113
7.980857228914632
8.975909826753535
8.594794683201895
6.718742583372674
8.111565259419649
7.445052524424275
8.981057152835602
8.603703438490008
7.6205153976309985
7.526495882727088
7.805431176067095
7.940940674391262
7.510779039674843
7.613191872661168
8.549884239368582
7.867634894352738
7.982586507502947
7.389931874139991
8.210600001300943
7.5722351399334995
8.291608866897596
7.262538013704823
8.205121367548385
8.325014167671108
7.38930154612305
8.20663065568321
8.945511823102173
8.069406949747991
7.14515128933061
8.382678931807359
8.040986543003969
8.22753382464863
9.256951490076906
8.585325983487337
8.626696545248533
9.566365998521063
10.027592600933009
9.604298163494336
8.961825921597136
8.377590837331491
9.409532649006021
9.1532427861951
8.77592952515902
8.401454938909628
9.322302715891695
10.566543733308075
8.29252689569766
10.020478203457728
11.237665163665339
9.299701623164982
10.380701836195461
9.15143458031932
8.859752378133658
9.12901488277095
9.432812694612396
9.577306322896352
8.60690796917135
10.046479962685389
8.996693431287135
10.865491087482411
11.0311373934535
9.252473900972355
10.915319027753549
9.983245397429352
10.429061061148847
11.315478078915339
9.793749745335552
9.918377201590964
11.521066570401292
10.139253563240631
12.122939332710692
10.427283325425975
10.654363937433606
10.218836581438556
9.11203709913354
10.887592120504658
11.056823850175158
10.063089372218897
10.967754478748885
11.793341145105815
10.13220551522997
10.057565774094373
12.477088649835657
11.133068296290915
10.586594525926603
11.031887047682533
11.942046562963172
10.47683817183007
11.817431811992082
12.393616292156509
11.152036009677953
11.024889399251707
11.86781970792457
11.522551728249391
11.583483902189114
11.111609642261064
11.150413569855232
11.427484843510205
11.560066131276821
11.29847349287372
12.029605590869627
11.03138504056159
11.229067075640286
12.62109969584916
12.083887938761135
13.041990937144682
11.909624724113712
11.426912970698009
11.220555565573953
11.446955157877307
12.659872892402031
12.967718486690442
11.802561614988644
11.63024829446126
11.94163384529031
11.998420737006448
11.928177369247386
12.320450937081816
13.413448106854831
12.232362911440712
13.43138935567937
13.05629841181713
11.94562323994195
12.140651324672238
12.317539333203516
12.212338190062827
12.05466977609407
12.177338951721701
12.75588269567768
11.739279524498526
12.743542368954872
12.117494786551239
13.641874789197411
12.447148032343517
12.864481055010748
12.484119504565891
