3.547520519945277
3.3668038883438185
3.3539054315065138
3.350587083411695
3.3470341104908896
3.34675078352352
3.3427319891894114
3.3424769649237636
3.340831409127045
3.341243523299946
3.34089355640466
3.339027546450868
3.338557419843912
3.3376238605299973
3.338358280750109
3.3364526948081963
3.3349619907891177
3.3347217328323056
3.3317084356668847
3.3290832742241716
3.3239472876335294
3.312946310604014
3.2857099374894183
3.236662373147969
3.1933990822142784
3.163191257403177
3.1344437779679075
3.1152543702891116
3.0914771523844444
3.073221258602629
3.0509773003845257
3.0356493601774943
3.013431735130469
3.000878265163873
2.9791422632735416
2.957558861843578
2.9296980197685607
2.9069117952573675
2.878173410705485
2.8486865581163294
2.8295007888494483
2.805966778693266
2.7822404289583833
2.7612767633873383
2.740905949646967
2.716996197322595
2.6990736247637543
2.680401084530713
2.6585178193771535
2.6414409084935384
2.624287092836927
2.6111987520900075
2.5869933904526325
2.5713546338534714
2.5474544948615088
2.532028343273923
2.5146356437626127
2.492791386470839
2.477393750522589
2.4626445799696057
2.440666870943376
2.4298656026787913
2.4088786172600143
2.3914946648258577
2.379659994434585
2.365157236621676
2.3482555269528307
2.338277357513429
2.32988328913227
2.3176942308250545
2.304899328321832
2.291873628129544
2.282037488078538
2.2777331676738126
2.273016565494202
2.2543690139901638
2.2545804192011363
2.248904667712383
2.2377973347597404
2.2303894512033158
2.219613995920862
2.2149661862009498
2.2010095350707544
2.1967936233224687
2.187476284912738
2.1763693226617966
2.1609920377279916
2.1513204642068056
2.135277901091268
2.1125181915327174
2.099186916173098
2.0753089349862743
2.0579616514661763
2.03886656282446
2.028194479557912
2.011399928259339
2.003751779688834
1.9882717403313779
1.9818494794899177
1.969375434879261
1.96537639322035
1.9529741633200186
1.937264111939304
1.9448110585387677
1.9267051412958092
1.9229521920843284
1.9157626833195023
1.912357578985266
1.9097593238076966
1.8996217601573446
1.8968529759447241
1.8942523666885795
1.8874574719013906
1.8764663374516668
1.8769418369811484
1.8727336597384088
1.8683730458322154
1.8554257053727912
1.8523458364861607
1.8525777613054826
1.8461930281858037
1.8391522834837932
1.8344991825040278
1.8383443024161406
1.8281545690666716
1.832164492252302
1.8165776784789789
1.8184652749325534
1.807553473086104
1.8081657674299259
1.798430529172156
1.7954734972872621
1.7888641677275472
1.7755510087976545
1.770710146828801
1.7656868170820306
1.7544713598565376
1.747601248576979
1.7368642515675008
1.716190033916106
1.696368709607008
1.6909743752653221
1.6788997179716154
1.6658759650080286
1.6544637557283266
1.6388765249907962
1.6305472487854349
1.6216223443161009
1.6077292457460755
1.5981754464173672
1.5917126902404122
1.58715136424205
1.5731346847708236
1.5753571370210284
1.5655083105957959
1.5586457639920437
1.5523789261278849
1.5476499295156627
1.5431189004744958
1.5337297651276973
1.5309069990428794
1.5235378652132154
1.5199444377882518
1.5198305698749135
1.5086086077427348
1.5057860468146487
1.5030632144415172
1.496492815560817
1.4918276400264296
1.4850444350995824
1.4814404458144956
1.471932836060894
1.4721943863399876
1.4628295589803983
1.463172586654319
1.4565980742888631
1.4515758643630354
1.4499405248154398
1.4416014529838843
1.4460295648370591
1.4403654948423705
1.4351511114519464
1.4299390519271848
1.4243907744961568
1.4231077496131597
1.4227189309778163
1.4135416691177394
1.4085366089385327
1.407187896452274
1.4014272123205274
1.401351935727553
1.3954348177217784
1.3960590662645327
1.39229470849151
1.3882203628236023
1.3875042248871459
1.3766787676332495
1.3715909492626406
1.3700762515649547
1.366070239967676
