5.08359438536226
4.037524206481255
3.896289030244708
3.834127956093
3.7973750698795716
3.771571296930736
3.747191375834671
3.7331970240145846
3.719590023487233
3.7091599452903727
3.7004414384288005
3.687897754421242
3.679663044615082
3.6746000516400006
3.6700317702568532
3.6667816116318437
3.6601427480804043
3.661125134615208
3.657527361311605
3.659100429599696
3.6629670933346326
3.6736186291865445
3.696796115367381
3.726921909552384
3.744089619912712
3.7501488155044456
3.756955889916618
3.767699364538717
3.7801572007512414
3.7994180934488684
3.8181084529258533
3.834904611687952
3.848562360183878
3.859526439962568
3.864527846599012
3.865364250163072
3.8600486325885925
3.8490404002973158
3.835373449611755
3.816236272415642
3.807602598143216
3.7934467138819343
3.7824583861759877
3.771301000249319
3.763578658343955
3.754143616395731
3.748342082569079
3.736601692383651
3.7263259485723736
3.71928041190409
3.7138132960876686
3.704739813394199
3.6933297495971416
3.68207134700963
3.6683380167020196
3.653964828036684
3.6382606577180514
3.619118379613189
3.6019664992253233
3.5854166832485364
3.5638175429564156
3.551761570348858
3.5282955196996193
3.5098353173101504
3.495576905254582
3.480628288128808
3.45711017194833
3.4457277080531727
3.4346363867732514
3.423613477120733
3.408959714603073
3.397750226362814
3.3911887627314
3.387907227102625
3.3824105289099147
3.3686081593984016
3.368432163005148
3.366527969849222
3.355901269856782
3.3545089387223723
3.345309458785811
3.341592907824274
3.3315024295586255
3.327696993575059
3.323498014147749
3.31326185702432
3.301152026371975
3.2906050232939434
3.2779535722348783
3.25759804136609
3.2453035964856545
3.220741792031516
3.2086836629895394
3.1866703294923924
3.182180605713919
3.1626721253711843
3.1575466495730384
3.1437147432322585
3.136975442529001
3.1262006348403215
3.123453990903497
3.113013474909707
3.10076623601358
3.1052368903872325
3.090077788454825
3.0893966272898155
3.0853526174347294
3.083664017669372
3.085037545916524
3.076936566444296
3.0764858374051225
3.074200100356276
3.0710346171579816
3.0589009498349804
3.0612364425582426
3.0606680718048453
3.0589279458526373
3.0467569479723124
3.0468270071140497
3.0457822983659413
3.038836282786821
3.037235648224549
3.033360061875113
3.040568021192279
3.029404577592957
3.0367160865447804
3.023787166245913
3.0232613807062125
3.014632851426069
3.01960803593771
3.0075032447926295
3.0053671856984128
3.0008253867621963
2.9843465323305733
2.978217706399308
2.973643114647783
2.9631948309922964
2.9510633251120977
2.935253150010073
2.9085956353507707
2.888900272144723
2.8766359522534235
2.861696547236486
2.8445190025732083
2.826683938039827
2.8084570967700664
2.796190598183058
2.7816205591739824
2.7657388183498526
2.7544395029097655
2.7487095435211075
2.7451695724295293
2.726130477404175
2.727743847896028
2.7164095133164947
2.712291414700952
2.7049418042909723
2.700360936855753
2.6942599875883717
2.6858421817285727
2.6821167344790724
2.6779827674175736
2.6722093623651357
2.6725926836326264
2.6603306479870974
2.6601754221254703
2.656127171746674
2.646728011762083
2.646941757059052
2.6378587010189385
2.635537679630223
2.6295337847579696
2.6288714324479994
2.620505627091756
2.6208377429853926
2.6138653652743775
2.6079954734165334
2.6090300286097508
2.598742991202103
2.6067256938710317
2.5999461724315522
2.596403663861867
2.591369209600461
2.5823928137915697
2.58098978777404
2.58620758039404
2.5700573973238767
2.5679592759722074
2.567049678522281
2.560633955150131
2.5606821351024665
2.553034475516076
2.5558778460428084
2.549380695408452
2.542772321742678
2.5434717726632656
2.5290604906702674
2.5241404706273034
2.5229631060061846
2.516789876004876
