1.2942486273024525
1.5696616994857349
1.817694091160507
1.867109433522819
1.5344484975082338
2.0066823537756755
2.4603035560523208
2.112727590080126
2.2834549996088134
2.8360842553306385
2.623561324225117
2.6235501064554207
2.3837827269898217
2.312509141783532
2.110016424371743
2.1004111399806376
1.866545035303654
1.8455518663917003
2.1879534312946918
1.5666740701679145
4.4694950674406355
3.030620954467907
3.638368731098026
3.07721344137104
1.8473070775151417
3.827734897200325
1.5664343848186761
4.506751137755184
6.014665304873871
1.9799952336955169
3.0809792706454013
2.3182188682823868
2.8323961190238176
1.9609079941647753
1.039139814232551
1.7513930578413945
1.830981529861675
2.950765656536206
1.9142525473389271
2.0146689820799804
2.775048002854394
1.2648027172793017
2.2598285363173627
2.3832530831610392
2.061003878294352
2.635375325108145
3.952443227919356
2.4251271105010117
1.6161776248946806
2.1923561973666135
