3.9360866477976293
3.344043344415295
3.3348770494236373
3.329341695570821
3.3321052028246574
3.332964212170446
3.325371177408708
3.3332923834860635
3.3462557989265282
3.3539071828907074
3.359152484002538
3.3744308212040606
3.3768482791815755
3.3555276066220867
3.3510857052828005
3.3453155590601615
3.345728247577607
3.3566772166971135
3.3504489604091146
3.358684619371804
3.349881695203132
3.361528033673451
3.358909667786503
3.35427545814614
3.357430184698854
3.3382090351968534
3.3566308873486146
3.3628125874159847
3.3582013408551044
3.3622431951667626
3.345981586353941
3.356426972681315
3.366832839256806
3.3731508089609794
3.3627399858379863
3.352536011740799
3.360543268825371
3.3509160024333373
3.3446262469466443
3.3588007089355227
3.371042786468386
3.3543664994040086
3.354217436925279
3.3453881306798046
3.353146301514191
3.3428863315058006
3.358001293624259
3.35611518203276
3.362096106194701
3.364574234211008
