6.4885768637607235
4.446766331245762
4.432501248352191
4.443083369607076
4.488866176592742
4.576961835953577
4.6279756170916935
4.687192266836217
4.7432469051545825
4.736889590767666
4.796093857725253
4.820248623168905
4.845677525273168
4.7946923094270115
4.762644168282055
4.659230626378384
4.623205037953342
4.5311612808267485
4.488797378477626
4.523147986509413
4.448182329145402
4.491895712795058
4.487570414680461
4.465778156100767
4.471431003503151
4.448221926289703
4.446090764712289
4.438417200954797
4.4238204462990085
4.439733897828307
4.439642117909736
4.473144054724908
4.452092190687569
4.503933806069859
4.410474090363967
4.455539243383558
4.476748515174027
4.399817437401617
4.3810294055189765
4.485790170300069
4.476949326342937
4.460895995507066
4.429025547978766
4.4659546560641985
4.43076402260995
4.464046948555253
4.532180872575151
4.468833911793395
4.472592508917704
4.492237554482765
