6.282761955261231
6.020360517501831
6.556928253173828
6.2754566192626955
6.103202772140503
6.426843309402466
6.363239908218384
6.112928199768066
6.672783851623535
6.379458951950073
6.241684198379517
6.163395977020263
6.4399857997894285
6.382531785964966
6.235978078842163
6.412462472915649
6.145550012588501
6.092052459716797
6.289261960983277
6.291842126846314
6.377747821807861
6.502158737182617
6.615802001953125
6.520220851898193
6.370208692550659
6.131735229492188
6.569251632690429
6.075940990447998
6.488135528564453
6.460006999969482
6.050557661056518
6.339055776596069
6.55143723487854
6.342989253997803
5.630518531799316
6.437817192077636
5.730694532394409
6.532962369918823
6.4433433532714846
6.370879697799682
6.131866598129273
6.11911301612854
6.224992465972901
6.367300701141358
6.408378410339355
6.259655857086182
6.589949417114258
6.435146999359131
6.329296207427978
6.300261974334717
6.262783575057983
6.3277181625366214
6.393421173095703
6.500976085662842
6.048069047927856
6.392588472366333
6.521951913833618
6.431933116912842
6.457063102722168
6.367387056350708
6.409036254882812
6.459949588775634
6.39534363746643
6.292429780960083
6.111387252807617
6.4556807518005375
6.261020755767822
6.339547777175904
6.4158422470092775
5.957923889160156
6.40324969291687
6.3593627452850345
6.160367059707641
6.4351582527160645
6.438815116882324
6.308491039276123
6.290553569793701
6.153726816177368
6.346016216278076
6.37473430633545
6.553995370864868
6.380315208435059
6.501500415802002
5.739048957824707
6.30511360168457
6.3242692947387695
6.410825443267822
6.454764890670776
6.289283704757691
6.403284502029419
6.423076486587524
6.342492723464966
6.3334087371826175
6.253916883468628
6.338213777542114
6.3584541320800785
6.1068510055542
6.3602635860443115
6.291588497161865
6.120950841903687
