0.5610738348865318
1.5055061710143616
0.5712622691968638
1.0070631379832724
0.5912581986798074
0.9266604791901155
0.4816418292527208
0.8362261154847537
0.6296934035115825
0.3767931264841963
0.886131890073329
0.3777722623161897
0.6086541118029363
0.8527902892691817
0.6016865514801117
0.6218676128702795
0.7083319558170372
0.6051472700191644
0.8831346313317935
0.7256037364741843
1.3026407562898012
0.43133453974026237
0.6268457196996303
0.5076528917811438
1.4306922580053907
0.5659459516376197
0.5129261180489718
0.6169267981229182
0.5740317954329068
0.40090037234321624
0.8748192416881034
1.852388759175379
1.1621400956400412
1.752331175880585
1.4132122857298306
1.4054808000285544
0.3857182366456202
1.1276926232244304
0.7828586216202241
0.3676835005890153
0.39491086141141
1.054129165972402
0.45751371030100363
0.5492420780634832
0.3914003277231075
1.355197135814445
0.5550740368380576
0.3494042557083772
0.6818690845866002
1.6434136227758709
0.6098664953617868
1.8321290412742293
0.24873240656389264
0.3157597602847105
1.1463678165045912
1.1253266372757111
0.9041815790719164
1.842460830369311
0.5061306869219204
0.30151896886452884
0.869304278690017
0.5061795056941275
0.8389033120954204
0.42857346285082293
0.6435226654719733
1.398538861819403
0.5395615527290619
0.37972680283691695
0.6181467041701736
0.8648121003397481
1.1518056808349364
0.8016165463862295
0.299176181903583
0.9115256062729326
1.9707484042238377
0.3450003118816024
0.5298060903807202
0.879649631007162
0.8626775064305934
0.4667366685752639
0.5825497103119661
0.6557615726648686
0.7741119548648536
0.31268631838605493
1.3597453223440594
0.5726667143299967
1.2080890604393755
1.4189965705833358
0.7663759186654865
0.611845559252049
0.4172359340057106
1.1259927964640524
0.3516835665296696
1.0901839083325648
0.41712248862864737
1.3231662282485044
0.8172391697256742
0.4578576919311034
0.7431427630967272
1.004536720220455
1.285685658454895
0.767304686840646
1.101729427645345
1.0431277063901057
0.6042999061410557
0.33864062176438753
0.4501849422473946
0.798353920718711
1.1486581351331815
0.7610588439241918
0.755191264147749
1.123047136591527
0.2553384173250867
2.8014495372772217
0.5308562629447432
0.34896585727502444
0.6642582424895797
1.5796325660659698
1.00028332703577
0.4285397782832205
0.6630615592002869
1.0252956609448833
1.116325274498047
0.9749730111124042
0.46389433263776775
0.9625939553629659
0.8965517741166996
0.36842272324648073
0.6031918673811552
1.1679549448953601
0.3013464131192836
0.7637909650802612
1.0760503558214298
0.6521342471988503
1.2652627117409256
0.8551481048425357
0.4521078571289001
0.9286922789766697
0.3639625754647838
0.6011332925670372
0.4993596561327726
0.3957628754073967
0.6980002805560768
0.5740857547175191
0.5433779373197613
0.5443186392048318
1.1306492068724545
0.38188568020392516
0.4460452824293492
0.6974576774962201
1.1136909551276473
0.8243822807778337
0.6803197822494353
0.5116447830247974
0.4038304820328294
0.9319645547436808
1.1557792671218903
0.6251566805438192
0.4562903904245946
1.1952337597558398
0.32089676198835126
0.45262009281672555
1.2669680980976694
0.7923277500636114
0.5317050882714067
0.7544007954712143
0.8831363436215387
0.547864860785987
1.5183577253249938
0.4116121489323213
0.287712071008816
0.780159547596513
0.6363034617446945
0.3307563319712698
1.23395693206596
0.4401379478479435
0.2782173556292463
0.4953780040473403
0.5876028861454828
0.778011450906077
0.4051369399369838
0.5049029305009899
0.6598105280098313
0.662380644219194
0.7508195322118923
0.2907561983517511
0.4710338330101632
0.8091164403305742
0.7189518474863622
0.6039305027118904
0.36313929747722906
0.3844127468092886
0.7938525215657297
0.4139949430325227
1.1227693999697546
0.7099528754641393
0.5515628129781368
1.6695344959327836
0.8198103999088188
1.1403434682704643
