3.467225118200908
3.3808915203855943
3.3750203304974606
3.3742883096831715
3.3682938100293627
3.3690693316071534
3.3694181673286496
3.3651179595049037
3.3683684761672055
3.367853511904561
3.3687583136466124
3.364269191442534
3.367937687986581
3.3614975657573964
3.3676329206588655
3.3647345128909563
3.3637876984222914
3.3652059951031856
3.3629445144834444
3.3682312514892843
3.3666028743104417
3.3783487086148227
3.362123881661615
3.362771277972894
3.3659019749756007
3.367262507362883
3.3626425536566003
3.3689016235429188
3.364446929951971
3.359239943729815
3.35937386312226
3.366106864324836
3.362038595038791
3.3617917631947716
3.363862156867981
3.3628355936948644
3.363344593334568
3.3668537465638892
3.3627832467241805
3.3598429572212605
3.3619934791742367
3.3695812862972883
3.3633087254309837
3.361190601836803
3.3608150597690614
3.362863327643668
3.36057672551436
3.3664491913577383
3.3617028402265654
3.361745759498241
3.3672705045504165
3.364617418642192
3.3619534072949904
3.3621554922225863
3.362498305333677
3.3720484412917795
3.360183539316636
3.361394407675248
3.3624558862327607
3.36444607284642
3.3617982088133345
3.3615829981574716
3.3645324175672013
3.3606238616991413
3.3630552102428997
3.36717393578485
3.363854645989662
3.360611430896345
3.36084214961806
3.362052871968395
3.3613045372704202
3.3637789684210637
3.359701618205669
3.3640083732993102
3.3636878537115202
3.3695350079111352
3.3600263426932253
3.35858758983686
3.3671166681966116
3.3631511298260945
3.362802873979243
3.3599826115970464
3.3559018121671307
3.362781606672346
3.3665486844473107
3.3675417567408363
3.3626047675461734
3.3625316631424336
3.3585898171561634
3.364387516365495
3.361870653638544
3.369674575421237
3.3618115667224853
3.361261453970458
3.3676091788351075
3.361348667348078
3.3624274769956752
3.3593865101651628
3.35977373589841
3.3673237587592397
3.359337413726851
3.360676562601282
3.360630156919938
3.364566910867543
3.360658048428306
3.361381695714108
3.360968586086303
3.363970862571583
3.3610212186048196
3.3643938381542533
3.3651675840680912
3.3564425196296486
3.357692092888115
3.3609814207221187
3.3600468067235725
3.3603676035422687
3.3623575937840364
3.3598376378532526
3.3586217901965445
3.3705923453319904
3.3650236501712207
3.3645939096923945
3.3637362480625628
3.3649835734404334
3.361849229696185
3.3585365451583566
3.3632432356361273
3.363350962021554
3.3616264961486637
3.3627445011637933
3.3627456493617953
3.3646507371765697
3.3651982136937075
3.3642907375975173
3.3587291487889694
3.3633023565129716
3.3572295010089874
3.365228683680527
3.361534966054813
3.3615099921707037
3.3602212494195896
3.3593215970105903
3.364487959663997
3.3712373484474742
3.3683516154455586
3.3634374594503593
3.361455502667168
3.3621500684309376
3.362931495951128
3.3612934006739033
3.363914272581884
3.3615222637967546
3.3605356234912724
3.365759588258211
3.36326204274976
3.3605021342288617
3.3643817707549695
3.3662490939447123
3.36097530084987
3.3647567334101183
3.3628493427306183
3.3621504306793213
3.360089053479276
3.360921360032503
3.3632425628891287
3.3629081699737284
3.361506232919619
3.364059546890185
3.359228702016579
3.362448799286702
3.362266841091851
3.364342222842135
3.360184242328008
3.3596661952576894
3.3652087385340255
3.357781213383342
3.3614111039065575
3.3652366268080334
3.35863628798677
3.363299689089605
3.3641231006892154
3.3628694124000016
3.3587299312732015
3.3622226805187934
3.3638181434583294
3.3634053355501603
3.3629720488259958
3.3598185352576797
3.3583947196025257
3.362017780080322
3.3623391840347026
3.362886644611063
3.3632006324076835
3.3715051992457044
3.3653342767741328
3.362676658371622
3.362801045179367
3.361952637748201
3.3668042684710304
3.3625779244326806
