4.641353784143463
4.174774605405423
4.119102451459382
4.09715716321339
4.040792762309081
4.032315274541692
4.057233688212181
4.015604570161464
4.014818690081899
4.029397726983063
4.005167332499526
4.004594219516414
4.022817617701006
3.9670892836049547
3.9805291357428527
3.9799732346405357
4.007719894943311
4.03130198148794
3.9985249754070313
3.990862036398215
3.9950639647106794
4.0570575049681254
3.9462535316629928
3.9505865010180217
4.011197428139606
3.978601792061976
3.9590310701566147
3.9691756564055303
4.0196219313052275
3.9797991257767347
3.967897059843522
3.9762091345565262
4.002839259399
3.995765144279761
3.9681827719359433
3.9974417173585226
3.97403753104136
3.9814823893613593
3.9923084590786186
3.957103565912838
3.980271172615909
4.012607881265093
3.989322153865829
3.9534400066202
3.95020369734875
3.9779832584913386
3.9828651494296023
4.0101455353027164
3.998749995185423
3.939394934463871
4.0171361202879465
4.018450087124063
4.002181173526039
3.9949157330416893
3.9811857472094454
4.014427094034446
3.981130245351052
4.0053637857122935
3.9749960994073588
3.989603494488916
4.015630454980125
4.006279623323633
3.979816814725713
3.9771836746570677
3.968188298765079
4.003805184780165
3.9749953622041745
3.9657849870448887
3.969467594179996
4.012692482896553
3.9913891618565995
3.997255900340487
3.964594147233076
3.997081299160802
4.017896640670392
4.0007535658141435
3.983030823774116
3.962824822627297
4.004329454529193
3.9777115123678546
3.9817369545615
3.9943810170011003
3.951899811278942
3.9849512228207993
3.996948947278104
4.021101541066354
3.9764035311780233
3.96624039933663
3.9945765712926553
4.023045398930247
3.972468208203944
4.038490637097248
3.9530605373456495
3.9862468413604324
3.9894552519617155
3.980070620544197
3.9558172560939493
3.9505716139493985
4.021846561468849
3.984017249456672
3.9817965095357377
3.952699053888173
3.9859239650789156
4.046854934951131
3.971570099046988
3.9745490952979687
3.953621341507564
3.982361373513244
3.9689324024573778
4.0164210710876675
3.99231731568196
3.9758200546105704
3.976142224415328
3.9994015150754025
3.961550745853158
3.9844252166821974
4.0001256694627365
3.9926137845645577
3.976337800423304
4.035111287536547
4.001760994510133
3.949281290751095
3.9985109768634617
3.9696488810140034
3.9742603498373845
3.948740305133568
3.9437741745812023
3.996727077997932
3.992239414028419
3.9856119800445646
3.9346963814062668
3.986355347919834
4.0050384880498395
3.9840148440165115
3.9634147933287216
4.015761843023374
3.960599490376406
3.997872482436572
3.936461721972902
3.952385338008866
3.9854745111724204
3.951929382344549
4.018639243619386
4.010519894518594
3.978250440238982
3.9796161496824074
3.9838882245758707
3.975597615851912
3.975188390691151
3.966500697440879
4.0032715513262636
4.003071802993153
3.96656426810479
4.00180627509605
3.9530314900154293
3.973728668782138
3.9726134594096694
4.030685198399448
3.9879482298396356
3.9807611937208693
3.9772169169529463
4.003787777682607
3.9753271424493124
3.9468357343544334
3.9951073192348776
3.9762598250725474
3.9915923081165134
3.9844147093998368
3.9790816274724263
3.9761381384938264
3.9725462761960286
4.006164894778599
3.951738957517831
3.948559977056444
3.9875172050886376
3.963998946108559
3.9902617376904157
4.014696531979612
3.977091904989509
4.012784720160241
4.025457567946855
3.9866189711777738
3.979298671317655
4.002640366785286
3.9742039774739464
3.99105118734892
4.014144835777061
4.020927598079045
3.9764566463093427
3.9584087697110433
4.000141727369885
3.9692636414091718
4.004238796326542
4.039134833932847
3.9860232202119605
4.002996697906376
4.006805056749388
3.983262767856435
4.025503174972164
3.98533596779949
