1.135038089895535
0.7501043880391933
0.7845773753040062
0.5146581242700856
0.5353097534609701
1.3642065527443896
0.7015087792056357
0.634545669168652
1.0678177536847835
0.5024669294605753
1.3954700468059533
0.30315098853292827
1.0434587876161259
1.0428136111739164
0.36510624215454757
1.1969474147938057
0.3728247603218637
0.7141794237440717
0.686667165201986
0.6237733855037269
0.6514591566307512
0.7062413089261026
0.8424842322995524
0.7074597162569692
0.2956321983633634
1.2501839788738855
0.5720904274789508
0.3844311510871551
0.25251703815374205
0.4342729250390926
0.3069374971614333
0.5724238488143814
0.29981396498087654
0.29307079315185547
0.8458583327476868
0.5358881024654977
0.2784533305970844
0.32567487056843025
0.5404109947667093
0.45353155521926036
0.4584153884637332
0.24376718332628927
0.35590796725066726
0.26905531658677156
0.5276569602245798
0.3728495928830279
0.3633216521544065
0.6412304639816284
0.24667938564248937
0.3060534147317997
0.21745022459474497
0.5292542840770347
0.35421893902436524
0.999042480765937
1.1882585865223336
0.25459942024552035
0.926904918913373
0.3877936601638794
0.1832204250271669
0.2611926919472719
0.44305198602303714
1.1941706673176828
0.3637579886731738
0.19839437243216979
0.5317851680075238
0.5079835808587695
0.34133743236442365
0.8855609645346602
0.23105941572504674
0.7545928977773281
0.31215037193470346
0.29030665886664914
0.5619518775978165
0.25462982052552674
0.8063479329875571
0.28483364189077237
0.6656114242836564
0.2539796420710837
0.23073339214425287
0.2787111616564657
0.9694709767081694
0.24207859153379657
0.9321442782759427
0.37518267002038824
1.3621032510348456
0.3919496822930529
0.23789761888837527
0.27255015024441276
0.252688183514532
0.6294716858194921
0.7116187444191896
0.5888713069095879
0.6245477129080014
0.6152358273704926
0.4358440482305859
0.56642254667435
0.5163831971212475
0.39893794937697585
0.2954520624959636
0.8635571946600874
0.473914749815851
1.2782939450296467
0.12630944210804537
0.17977099213189257
0.6549127603580575
0.4936087560916472
0.45396389076131616
0.9710024831768028
0.39625780150025547
0.16762905136377873
0.8176649645239652
0.7599686459453407
1.0178452312110182
0.47246342885470344
0.17480794882368228
0.18965427544647323
0.5758292973638776
0.20272810055402093
0.33190623248268464
0.3974011966245686
0.8070766018005554
0.16141775265365899
0.6889062293306859
0.5987807466893015
0.4252777413160863
0.8850722059697091
0.22765364475503475
0.3141076812046563
0.7367294394898272
0.39903372472417137
0.6609356770056761
0.5104082307978002
0.14817801150745286
0.4932447090774834
0.4863031851743648
0.45372834043177906
0.5186920083596377
0.3774806507723126
0.28404207894940653
0.7244465351104736
0.3709188997745514
0.36603036522865295
0.39607980847358704
0.9577646255493164
0.46792930364608765
0.6789160966873169
0.678293764591217
0.3159351348876953
1.3042839810939018
0.5197430520592806
0.6044469517553019
0.26791542828202486
0.38930131061999257
0.25204134035206033
1.0698435629059175
0.5410343408584595
0.36906285485428175
0.2680080558709009
0.4389488563867275
0.8392259350759472
0.6173187548029638
0.8118408045214498
0.2188619401806103
0.7148949776240484
0.27472032245270955
0.8410121977687599
0.3974834427327097
0.5637798999736686
0.395743177744573
0.42182650397679133
0.33296920290451965
0.17051646695705597
0.49322970865484705
0.6112451376561412
0.6838044022510429
0.22317361745065104
0.24824021595393966
0.5923815726756094
0.15030273547272882
0.169904626831263
0.575486940706899
1.0649449567278784
1.1549327320947438
0.4151925727097926
0.46074655466901515
0.7145730478013446
0.6125143044936155
0.3370176752607426
0.42329301809022324
0.6139956965952933
0.5594760257160974
0.27571810169783767
0.20455994996016394
0.2960116997629942
0.6521528885216417
0.4340841313282808
0.8050980452067389
0.42471449444432535
0.407042778565554
0.2682039136877041
0.7578516692102314
0.2566154119008051
0.16154457798940625
0.36570267591304434
0.7394007455132051
0.31037436004631025
0.5132384136587919
0.2768691941229757
0.2505217603965847
0.1937071099608599
1.1825060772752476
0.5504522514725496
0.22176700687121773
0.6691000160568941
0.2665155857562541
0.48233182444601114
0.6128842323003169
0.9761247548885001
0.6440274735729775
0.5027775038817602
0.6224604251389513
0.588242197442867
0.48741574934823717
0.14834592224123005
0.7957855657728498
0.8947625132744202
0.7127916335103985
0.27335764548343744
0.4315834566801488
0.43833509314514113
0.15358461284326885
0.4614358310231226
0.2184771196935363
0.1979620156283369
0.29586843301155763
0.9442523849273253
0.8441508079100706
0.7551114420613688
0.2668610003166543
0.174572939325669
0.44032263970805074
2.536519117489129
0.6237307135948915
0.5867930116777669
0.6985658145619776
0.8402779967130306
0.43090171290781787
0.7730245946165555
0.1916525135776084
0.40561462039937957
0.6152390711054295
0.3084080247936363
0.5479899354592592
0.6207260312680491
0.8789152673824516
0.48266770808634635
0.46396258539092805
0.21224696322051223
0.4095796750996538
0.21904852783273837
0.49977527054134974
0.5511914182282641
1.0196578358122725
0.20173863320049637
1.1143499092014137
0.4748051595950652
0.5273523334271922
0.847520162442882
0.8938109646579306
0.7491313295517273
0.3369561663729872
0.48993879054973505
0.28798302607928106
0.2792858619668441
0.21157180005777815
0.8173118228902798
0.4228757586412296
0.6916798361556563
0.6310181123221327
1.0364290731464454
0.17033967307072603
0.7371856928588393
0.9082392112525527
0.17070711754964205
0.6257867386680328
0.37752439472861665
0.22473894597174887
0.9462969694921153
0.3511806530560664
0.6059685056816361
0.33729383731652834
0.4789424035138262
0.4680460634116897
0.3922247427976681
1.6600663444561088
0.28691073451825755
0.7015783007971509
0.5863054656313512
0.4336594202833806
0.7605918684082185
