3.4770124413708383
3.3698301768118095
3.371137053005455
3.3697259465391323
3.369123789229134
3.364033546789672
3.366537647191868
3.367036905630614
3.367540162663127
3.3669204455475477
3.362021052560141
3.364380044299503
3.36107793750689
3.361515903657721
3.361281244329704
3.3625705202882603
3.3548612088658087
3.3638176719347634
3.3616131433220797
3.3549164069253345
3.358001705750014
3.358286750871082
3.3562655388846876
3.3542677706988284
3.3551969736121423
3.3632499972979226
3.3579397109127784
3.3582924708377484
3.362811894148819
3.3542081108388975
3.3609379000904025
3.35416319434957
3.358819527219432
3.3580418901388036
3.3578394367251287
3.353481707877891
3.3603079272795093
3.3567901228287425
3.35855304201444
3.356322468482247
3.3553706273552057
3.356143728707188
3.3555095533067867
3.353960844435433
3.357199586177057
3.359478234320648
3.3545735108759978
3.3597147088180215
3.355300177206365
3.355217235957005
3.3565273696137954
3.35595225895098
3.3593943336213283
3.3537209817143374
3.358773170746574
3.3569463168003764
3.3530193336250247
3.355329037174698
3.354825188485227
3.354643792145012
3.3537906417550967
3.3592143068017886
3.3546367823615553
3.3717628685078878
3.365651179191678
3.36374861949174
3.3553969910902572
3.3549509076185005
3.358474996893905
3.351384605779204
3.358738567477973
3.356660400250161
3.362865860841071
3.3561742139417072
3.35392558112625
3.3612630561340686
3.353524925865868
3.357566435438718
3.3921687549860904
3.3673141402329585
3.3600182912146397
3.3622906429823054
3.3627601307491926
3.3531213929486827
3.357958835686824
3.355682462684868
3.35950230628021
3.3559661595396295
3.3603459065274675
3.3576736845249355
3.3558770097041313
3.354830882345983
3.3577080840288205
3.353625322497168
3.361067791779836
3.3580379384432653
3.358025972464288
3.358815986749738
3.3542930888113127
3.359164990195932
3.3542481549950534
3.358178587615952
3.3520074604555616
3.3582086775654045
3.3586024163767347
3.355983069931814
3.354432932166166
3.3541309923626654
3.357235515302466
3.3550005696078604
3.3556947442450267
3.35503397292869
3.3548031557900035
3.352233039778332
3.34896087831305
3.354278810495554
3.3548924121283745
3.3535219544126083
3.3555839417516724
3.352938252364018
3.3559370595355364
3.357167913008106
3.3575467411861863
3.354587020107018
3.357971211043439
3.357538260461748
3.3593308902526084
3.3544951199099073
3.3511310527028964
3.359096974596497
3.348514147507128
3.3542759600997893
3.3535431094409884
3.3531489989092185
3.355283716390299
3.354195537955262
3.3552633098853653
3.356598286203636
3.3530486963054007
3.3931718149850534
3.3607457940892655
3.356910576654035
3.3569006564081176
3.3515735682128938
3.3586892005085023
3.3527939095515613
3.3610587468905044
3.351948704368384
3.355362376501394
3.3532208915828736
3.3511403565720994
3.3518569365490314
3.3554019156352495
3.3585170763869616
3.355988078801207
3.3530769653098527
3.358116401720417
3.354982602041821
3.3521988736104595
3.3521433699038603
3.358562957639842
3.3545175818509834
3.3549313418162887
3.3505147739436274
3.35563049690668
3.3563648554705834
3.352009496716566
3.354700909335484
3.3554175087185794
3.353864464648934
3.3500528573527815
3.3567187037578847
3.3542318764583086
3.350979751856752
3.3578763865223227
3.3553567327732265
3.353120194387066
3.357039296118788
3.3533250130424204
3.3543630889219833
3.354018651006758
3.3555933103080866
3.3524391161378966
3.3553134050480153
3.3556767660518023
3.3511031057483467
3.355835109718086
3.355518089708432
3.3550632244856784
3.3559038747650707
3.3537680555221647
3.3512440839017086
3.356791194095168
3.3544258817221766
3.353892908308857
3.3495377778082855
3.356887690318647
3.3539724511693616
3.3569384062475014
3.3537886440753937
3.355389266051063
3.3532802118349445
3.4101951528889263
3.376700657975766
3.3786277094090633
3.3675688179426415
3.3694543739159903
3.362198026374329
3.3678603109925294
3.3630875344424283
3.3602262102356253
3.354117301545402
3.359564947296483
3.358833668767944
3.3588496183240135
3.3555763957574385
3.352972308563632
3.3568983620913455
3.3539463665134224
3.3566398269446323
3.3585952714432117
3.3516877580058666
3.353630397208901
3.3525330341139505
3.3559767379779224
3.354392482790836
3.3512787333754606
3.355962570092475
3.3529532812824545
3.352493238772533
3.3534321842729584
3.350800107153811
3.3528864124948665
3.352918347647024
3.3527767106082087
3.3553584934205047
3.3559211573397465
3.3578088717867236
3.3523234632588172
3.35234403910563
3.3531359085278916
3.358052136131035
3.352009512657343
3.3538483584574026
3.353592496278674
3.355154805405195
3.3580648684224417
3.35330867929052
3.3547657705092613
3.355718873498976
3.352499542310256
3.3549125037452048
3.3579157422217287
3.357327085132747
3.355318098336227
3.355129117882529
3.3556498150492824
3.3535189138826476
3.350947027520616
3.352984194376672
3.3516760558583014
3.3541446235752845
3.3509642375532045
3.350080688794454
3.3502546065999557
3.351565728122874
3.352831476418547
3.354457261719445
3.3513508348963983
3.3503334554590922
3.3523443888786226
3.3483674126540044
3.352931029112764
3.354605580023093
3.3550635148850523
3.3531699878300807
3.3514800217262533
3.3464282173518987
3.349031091198441
3.3520682858404265
3.350019459345544
3.3507604737614476
3.353690670904263
3.351636340451795
3.3504319126291793
3.3518886402133825
3.34908757722655
3.350098800058513
3.3555233667987263
3.3483609603356945
3.3499280491540597
3.352479732082796
3.349889779044676
3.348444634398749
3.34793362252472
3.3466969994149465
3.3471299677856208
3.3500733735949493
3.351611782183019
3.3493762281976003
