4.677765826846278
4.149222881757011
4.068230768737867
4.051326746164366
4.019316688064457
4.004998488250629
4.056809740242108
4.023973294468814
4.017945321955422
3.9663257127584415
3.960574588803358
3.9934530244317163
3.9693134637304053
3.9899372280568115
3.935424741386443
3.946685482827268
3.90598960833032
3.9187791710214097
3.949621779512065
3.924351298300795
3.947544960319534
3.967900633349899
3.88921551625858
3.9227610043315
3.913607980391776
3.966863806164542
3.9248039463693782
3.8950476121994875
3.9205926056056057
3.8804938742356705
3.9219058176805808
3.888700388429701
3.9106519991575284
3.909694265949634
3.901381808426953
3.9255852066269217
3.9177289822304897
3.899712786193966
3.8984784451566
3.9274090108021285
3.912877314081488
3.9063744025174962
3.882779470940893
3.8950287669666053
3.9167431158612867
3.899666681077129
3.893650388301805
3.9105450337709384
3.8869537796623024
3.86318001797957
3.9260058460771576
3.8879262003325676
3.8867922806462576
3.8749718679938208
3.8853098463642506
3.8787970545217973
3.8758334598337956
3.9164551771426384
3.880306440268376
3.8663966810518455
3.899477027645407
3.868148759816044
3.868828462768895
3.972800302413083
4.009073162032652
3.9638046465178793
3.8835180126881417
3.8893688755442004
3.9218216138754705
3.9011292441408765
3.920063774946124
3.875955119844555
3.9312377093836317
3.908368568318759
3.8976667031299237
3.9500368232874905
3.925799640112145
3.90825869940048
4.1366218189860495
3.9927107044892716
3.950251597304677
3.968979761119961
3.939284187185672
3.9239836642446444
3.945670738238697
3.9117802570956623
3.947211273649866
3.8924864736176277
3.9226686291454373
3.9037676885608557
3.9115612158017563
3.863458055858464
3.896135389111763
3.9278064183024473
3.9238215846608777
3.8864496075367745
3.901941517757815
3.920231645883516
3.8904047046982964
3.901790331731471
3.8608371121014735
3.9060097475384556
3.8752587913542755
3.8969142940617347
3.851120473571526
3.8896091261575387
3.8833481803420904
3.895894801431848
3.890151925096216
3.83878039805464
3.8953934730023376
3.851708487022755
3.8556704733722893
3.882813501496648
3.8694763631783715
3.877014293920162
3.8942545257335484
3.8862379385057344
3.8816418684730234
3.887924387011417
3.884065723003343
3.9016453108584233
3.858283971400224
3.8805838481400365
3.8726527820261873
3.8727951174558597
3.896298569764278
3.860125517891359
3.865128853524378
3.916820746752643
3.848020714844844
3.9052056667878645
3.881760296202445
3.8494909733764886
3.9019599489925443
3.8763681770295135
3.8847760597402736
3.901124739138655
3.8746494174927704
4.145048593596894
3.9798694056595942
3.919416739497074
3.9330675876879875
3.867996833814207
3.8996158152125604
3.9093680670557096
3.9051121769025343
3.863369656625644
3.8899571010770724
3.8792931194915328
3.888595845348151
3.875880094692689
3.916258682345235
3.8867162600044134
3.872958002626434
3.865731822658879
3.913434459488521
3.8833267889743626
3.914606584365978
3.868812639352887
3.889134474965029
3.8735621874184574
3.863767920076385
3.880905113941015
3.8631832726704056
3.8855095316273296
3.8905350302540977
3.8834158974562505
3.8950500938781474
3.888247272302938
3.8583600823731388
3.904286110123923
3.901083081036575
3.8832071936407755
3.8887727736502655
3.893437828435454
3.894885844269464
3.9067719299201817
3.8857995971690777
3.86832467414612
3.8950905139132064
3.8928955650144768
3.881472244743229
3.8821814385957496
3.8974132216715995
3.876612662113914
3.8706261097460755
3.896520642116088
3.8499307255874307
3.9172414458075235
3.878784134406452
3.8699475697768753
3.859898030064827
3.8764344555462977
3.830078365497811
3.9003821812396824
3.924340771150219
3.8779995880385703
3.8910653759804807
3.87075267674387
3.884486266346865
3.8694778431293577
4.154789350522581
4.151066342758578
4.117542729590291
4.052565323058949
4.053015853776488
3.976052017868027
3.978086077658705
3.95464573927628
3.92407763166021
3.898171699786371
3.9028028603210005
3.9352432205233465
3.870484722908153
3.88118214986121
3.851029409225597
3.913284405950428
3.871417304573133
3.891439591267312
3.879074445990629
3.8666835743789525
3.9051090800022896
3.8593188533487246
3.8766216432401377
3.858495163132054
3.8379228944464248
3.906213502551234
3.8434195913547695
3.869872809380524
3.863882528257
3.8396585179391756
3.8425048841524494
3.81903644610745
3.871410622615223
3.8417724225410197
3.9126125313052835
3.866658280986224
3.8620956646379576
3.841570719267971
3.8799802739490836
3.872876927603123
3.8564035910968633
3.859509905872419
3.838119238615036
3.8930385572503705
3.888117844051169
3.907450435928596
3.880860451580018
3.8934485697469046
3.86408931941025
3.824711117864579
3.8859778372354286
3.8553604167099147
3.853396159733913
3.850748967061671
3.9121546019879423
3.8653066537176914
3.8300839212051656
3.8204159951487253
3.898859588443771
3.8517920019090637
3.8400433354599532
3.868033179479052
3.8821322321891785
3.854512557271839
3.8764435383238536
3.8846133903477544
3.877201868813167
3.8796692897183025
3.8210808600104134
3.8352051067721935
3.859389143858769
3.9017456391061
3.9369408908740495
3.8622444821882618
3.8738322842490764
3.878988249819408
3.8588340067586233
3.878430677014728
3.8642978030581805
3.8757643625717755
3.8895859510399573
3.835597958444625
3.836659318023874
3.8543489575386047
3.875743884679883
3.8625481703946756
3.8959652109201564
3.854812112658523
3.851608709309452
3.8549668832804804
3.8612892526064733
3.8343985776106515
3.858903094317562
3.861910259538843
3.8541362227857574
3.8569202686465065
3.8831650875797568
3.8634655581888304
