3.5810831078263217
3.3871023817810904
3.3648125917412512
3.35945788788241
3.360333656848863
3.3535605772983197
3.3492522187704266
3.3479083357162254
3.344742941648461
3.3456294235101964
3.3419188080832014
3.337597119600274
3.333445421138475
3.33382541807585
3.325192394644715
3.328368301308432
3.3229909982792165
3.318416024709857
3.3042430323223737
3.296635945522508
3.259719634125399
3.202019672754199
3.1371653426525206
3.0935810485551523
3.0602689988391343
3.0348521110623383
2.9996085146138833
2.9709020173826883
2.926662719873495
2.892333463873974
2.8354007042078084
2.776233074623485
2.7322476520094763
2.7058223958971888
2.661303041112977
2.6115082637515177
2.5547337696649306
2.5370755535225538
2.5093074527590775
2.44938496171042
2.4396631828574247
2.4199449407846427
2.371973524953044
2.371251706293849
2.327780158367268
2.313007356122483
2.27898851920699
2.2575434472325235
2.2485033954645313
2.250056703596614
2.2296220429761466
2.217582524689131
2.2116129320374753
2.2008965774330984
2.181859025081923
2.157399024207925
2.1418778704002848
2.1452144926717116
2.123761815906957
2.1085183104110317
2.1004556164492008
2.0961799437916557
2.072979368442713
2.0774322023918463
2.064559823205305
2.019763300931731
2.0310652571362118
2.0443308847241624
2.026601172810377
1.9635469289713128
1.9837722192670024
1.9857363962503367
1.992940173939217
1.947259051162143
1.9503152486543323
1.938298187630121
1.9270508590825768
1.90770972520113
1.8990410533408786
1.881218591228474
1.8453458729524945
1.8300155363110608
1.8127381591949352
1.8027340598231139
1.7879296260517696
1.773257466422957
1.7436545861148558
1.750511567433213
1.6989915471437365
1.7053613156773324
1.7054749555712523
1.6835367579099745
1.6820554884020673
1.6618173337259958
1.6765048146940942
1.6396425310955491
1.649650857718878
1.6206390568336775
1.6118058052866957
1.6082468330860138
1.6079859659075737
1.5820024658081144
1.560029307943444
1.5518054120069327
1.559891005414863
1.53690917807263
1.5141355965373129
1.5275779495578865
1.5389308191316073
1.5033275485905104
1.4722694969454477
1.4527458848301755
1.4377109040181304
1.4267489818292995
1.4236157896906831
1.3944304223323978
1.4160625028402307
1.410996514870677
1.3671711374853932
1.3867351061036421
1.3716936833983244
1.3549636639654636
1.3345549831729988
1.3463641369585382
1.3536483646305495
1.3738880611436313
1.3285515908758307
1.3220490126242472
1.2904269646766573
1.2970676889946295
1.327703598453555
1.2857311902524426
1.3192214168781458
1.2935831639482531
1.2712360483615897
1.3023814582374207
1.2620316102754239
1.2444031730640766
1.2476835639844106
1.251286801643843
1.249884697067183
1.21442287172689
1.2272080831056418
1.1906270286025002
1.1971150086542894
1.2020793175974558
1.2419148512877698
1.2088861929815868
1.1764879810602167
1.1881805082219978
1.1601655608866104
1.1539553428978422
1.1682408903400565
1.141059355333794
1.1731343729378179
1.1277871567669302
1.1175305816496528
1.149017704434173
1.1274121187973853
1.134174238197332
1.1251962941226572
1.0861673107327416
1.079116512003333
1.1012250148626261
1.0855483333905076
1.0824400703747605
1.06955083892789
1.1093469401604907
1.0837562426404899
1.0635659146274246
1.045858969262173
1.0986868715736755
1.0698251045893792
1.1031316740568293
1.0671226345002651
1.0616667295784452
1.037405330514492
1.0377027410580668
1.0563356548894283
1.0689899222275545
1.0374895556894845
1.0505939253367658
1.0087876837094163
1.0032609386672808
0.999259922566802
1.0312106745360896
1.047949306926755
1.0470167104761268
1.0501109699523725
1.0031883149126242
0.9941145556783954
0.9825304660859496
0.9832192399474078
0.9536925835838151
0.9972179838737776
1.0023224429162436
1.016861590968315
0.9959530518498532
1.0040051216302917
0.9817602910794491
