5.2837193937495694
4.208333638864894
4.0622673557941305
4.000096026894658
3.983278688996337
3.9451813832965006
3.92724955775017
3.8938243881214496
3.8838787404603736
3.885556011698967
3.8751097425471905
3.8643431809059408
3.8470509974069373
3.8684130265962247
3.855618348301843
3.891914859067562
3.8671706921832505
3.886771487981774
3.8904725417148236
3.900132498075796
3.957251634708671
3.995636230291322
4.038965458440226
4.053764950397403
4.0753797514494075
4.100815301717714
4.115695496631223
4.1170464411031364
4.110159928715507
4.106353833578353
4.102840758686842
4.086438218868056
4.0556740469710775
4.050533479382826
4.020794382275537
3.9827952849310497
3.9571411491826525
3.9300682891246885
3.915122749847035
3.865891685319501
3.8558601296918336
3.8254444529843883
3.7940801874149677
3.786244859529096
3.758573694284572
3.746587199527164
3.708914132312287
3.690776984358943
3.682735793119253
3.6853996210320052
3.656331407122834
3.6550280472566916
3.6431465003379557
3.622004052580789
3.6100237532410513
3.5764495505149974
3.573212501614593
3.5610789965058482
3.5496837763592253
3.5229401941909346
3.504172522661298
3.500404414049415
3.4797730147838593
3.480604626758154
3.4521679462388506
3.408793308360632
3.4325028498505437
3.4402085792186647
3.4077824697245
3.3575449883937836
3.3851230484108594
3.3775375894335813
3.376106089284254
3.332028095458829
3.334372886738112
3.3239483722420626
3.3129186789656795
3.2950666092855987
3.30305437431779
3.2705213160708895
3.222674985264623
3.2123369449792905
3.2023621031711267
3.184409580951513
3.163986242094705
3.1387038043765134
3.108145380782527
3.119175284754398
3.0605005961517957
3.0665469852297806
3.0662321559218473
3.0378090881331024
3.045173598929893
3.021698584390241
3.041381081522897
2.99510719609815
3.005299771594447
2.965653477713119
2.9571260962375376
2.968022362783898
2.9639391736235727
2.934252511623294
2.9223111171362013
2.9152321288752003
2.9261940114719924
2.8976863764746246
2.8708130457373553
2.9140581422766973
2.9178318225367126
2.890290465465812
2.847366435236709
2.819004774786705
2.8197450748709745
2.802698606321978
2.798747714522273
2.780840606536976
2.7962022042551706
2.7982766981734786
2.735642354502234
2.765456569402717
2.7564205690178762
2.7194996704888896
2.710125073097473
2.7179861637048943
2.738887120817983
2.7699962899435397
2.6982985261914343
2.70052442145209
2.660451019399388
2.673222634854705
2.725812918225
2.660200668975364
2.698104384680127
2.6598089702947196
2.644062666872213
2.6900723576545715
2.6182375775520192
2.6243476392917855
2.6135590455906335
2.6210118157919062
2.6376522129704787
2.5709984732228657
2.5942917537204053
2.5430715406356854
2.5624349890060203
2.5724829012571377
2.6287270543533703
2.579345983648023
2.526310214989407
2.5490141282247945
2.5104017611159835
2.5137953905518664
2.5280711824117703
2.482620076904463
2.5421085601975753
2.47266367961501
2.4624231407462163
2.5133943322092986
2.457769572908102
2.464870603798434
2.467603175792583
2.4090992924432424
2.4058202823927237
2.432696869206983
2.414311205751674
2.4053241367949996
2.384471069934756
2.4418063888023065
2.40291170619948
2.375686730236508
2.3466135658497036
2.4371283475396246
2.3828742384564046
2.4302541991305904
2.377762349539025
2.3684986696340316
2.3280551258561224
2.3384537781740344
2.356622083589088
2.3755832551870237
2.3203279975541804
2.3455489317691605
2.279391037863354
2.2652818704413815
2.268481671117073
2.3168902329580727
2.336593844169794
2.320963208412015
2.3386907097558645
2.267499576994153
2.252979111532832
2.232245413023372
2.233083717871544
2.186164844867795
2.2552517584936562
2.261180878378624
2.2839791263605274
2.2471241072513335
2.268902823328972
2.234978397398494
