2.4399032904757694
2.37985423824863
2.3597706579994906
2.3547341311704857
2.3383010625678278
2.3323828844610213
2.316384717694186
2.320183802223218
2.310362424163433
2.3051272037448918
2.2903344077523973
2.2810151377617736
2.2703542877948637
2.2556133338034505
2.2590598103469146
2.2389490828538228
2.2324853845250954
2.218399515373991
2.222701214315574
2.200424184826568
2.1941637506366867
2.1836138771484586
2.1650385039887925
2.1747942727792475
2.162757193237238
2.147084818520078
2.1336835382839467
2.131990875077768
2.11718315146162
2.119568278220145
2.093870509558214
2.0914981735370524
2.085445965322982
2.060647375179389
2.0686905585580475
2.063528720708403
2.057483171896569
2.037080244769224
2.0348551273921998
2.018670076479818
2.020210552712382
2.01043544165711
2.0042739064573705
1.992952799524738
1.9778067727470494
1.986942713562425
1.9801822149750243
1.981139841789713
1.9465725467377974
1.9383742320345176
1.9368926354347193
1.9351154817412408
1.9261655917058877
1.9148048478852449
1.9234228059308853
1.9216747859653198
1.9029225820343
1.8920148777392105
1.883766280153616
1.8726059855835915
1.8747575703824304
1.850722863302922
1.8711674388813087
1.8493069787460963
1.8366327131890938
1.8399819418674626
1.8392842744559605
1.8332918785557855
1.8297201085402015
1.817817087414735
1.8193941314552857
1.8054021964179336
1.815818281797751
1.809878616824292
1.7979196851227621
1.793450945132645
1.7911972833078533
1.7900301201153783
1.7785296853731998
1.7789466579908133
1.7598410857574867
1.7643179133223716
1.7555021620983269
1.7694199168640277
1.7418146022994017
1.7551617442013305
1.7438088122341218
1.7385883696012188
1.73936374556416
1.7194920578786155
1.7445787953865513
1.7207711496983704
1.725701456065035
1.7126154887816756
1.70147103195932
1.7055226797925007
1.7037097842857991
1.724564106282998
1.7064497793530482
1.6980636598801206
