0.5207137626732041
0.6354177023222547
0.42051149973410645
0.3267475726131447
0.3587810968110461
0.3018114787184882
0.49695000948313484
0.509903550625803
0.49552261256024926
0.30053146437318146
0.5910990295524826
0.45472838130885945
0.37207986309915364
0.575221178049076
0.5614734434173676
0.37625855995801266
0.4940826480159301
0.41226573661716287
0.4238126431414503
0.508007851416219
0.3544727004840522
0.46530877313537444
0.3528923980578153
0.34364081754952014
0.5309908375711384
0.42769606312912306
0.2929552189692228
0.4258246539470428
0.4905348252915667
0.39583691357371803
0.4676250700721282
0.4530335489757553
0.46878503050976145
0.4826935047735432
0.45935302853345394
0.4672837392361704
0.5378172604258887
0.4476139448687643
0.504229145501563
0.5200816091889131
0.5497255701579169
0.298539283817899
0.31507111605040294
0.44521865816059
0.3103079324017068
0.346059042430354
0.42080684534772367
0.46823039113400217
0.4885659907050505
0.5663576037706975
0.3344633023820086
0.27719507791953
0.545454304896758
0.5494842194841955
0.23876247281779747
0.4269396401717811
0.41225553669767057
0.3758214187765408
0.5038082430023468
0.36420035798229533
0.4583308571326231
0.5077786007242834
0.3650071435199233
0.32368022729017454
0.2440672800213636
0.5636618883910781
0.5027090523668186
0.367298225721042
0.38709803436227697
0.4841869870025314
0.5052454909962977
0.505350869022056
0.5819969787626323
0.4626748723114182
0.44449112721101075
0.4704826662917892
0.4875004910276027
0.42213219559503223
0.4945226711835078
0.4026446695437651
0.399139243041824
0.5797735926861276
0.5789974769036135
0.6028986626970984
0.47855987272902817
0.4009732205667094
0.5059324863678468
0.4423366576612354
0.6020036405456329
0.435992658675792
0.652042772703037
0.6195519927269472
0.5716080231991464
0.6009700702044195
0.6545043475403337
0.5106778939166862
0.5118237172434469
0.7102018791831328
0.5068883336856513
0.5779081457602476
0.6320077420953281
0.603688983735675
0.5701524915102727
0.535073939688459
0.6109149467968988
0.37349105287410456
0.4390836377779324
0.5949432730435847
0.6031460690355014
0.5347899720520677
0.5479930083832903
0.4791054137961898
0.6450928338543924
0.530214302167147
0.48854260615452016
0.5348680054018636
0.5049916235263457
0.5248287064517906
0.6252569092777306
0.5163491637052181
0.6862039947079752
0.6752379660854837
0.7894615556051832
0.6071948497472163
0.7074297613992481
0.5443256102009623
0.6313412703110842
0.6485346688297325
0.6608485737162267
0.6714353180361654
0.6681569932935711
0.6123892006749858
0.7153701453744051
0.7040426812334386
0.6643264647237285
0.6370552909637023
0.5685514446967589
0.7515326813609902
0.8407738337774793
0.8300732869901256
0.6187712921647127
0.8415597980629227
0.9604588939336115
0.5975908407706297
0.8723028578117997
0.8700005467047911
0.9004074655219405
0.7302524250351594
0.9609702590233339
0.839246818799533
1.0484762996853234
0.8962216269754933
0.8506802037388146
0.9124495716754325
0.6556901395440341
1.0262162987598198
0.6783942751033989
0.7480122862693542
0.8421285655312165
0.9892593631763497
0.7264035038336485
0.7999818942589846
2.805543627194269
0.776959957484014
0.7984922561712399
1.4927696070833532
1.4256876031000294
1.2208628109796253
1.528773682389804
1.2808237729187242
0.7955436429423177
1.453664669770755
1.1805660624303416
0.9392073681215963
1.4213690552300584
1.0710389028809113
1.0558962516173094
0.9981594313839395
0.8568589227471897
0.9893787068451096
0.8775359315719299
1.1603522694899229
1.2853343747182935
1.9637578369859225
1.3109626070053162
0.9496168930210427
1.2701249479769705
1.0838161657950682
1.2953253270151142
1.4591536775141776
1.36634359044398
1.3336048556234172
1.370547123566897
2.087636601232097
3.2740673569734686
1.936765321748768
2.470532734551745
2.01606365769564
2.5003399481037576
2.237844735682608
2.0401668266686266
1.9665990303417962
2.264266294802358
1.9977923364104155
1.7754719563142092
2.05912203086402
1.9798472044702045
1.6352576201329967
2.195016267782223
2.3408812117242146
1.5791970763751166
2.6056897296217496
2.829155864600906
3.301414419032768
2.8229632998755076
2.2856499326969675
2.63617081107023
2.80718317251645
2.812748825860645
4.293818050491547
3.467106618002087
3.7021590440211174
2.0727094469185103
4.145136941172078
2.185936325776553
2.7871909748337313
2.791921049416185
2.9125235711405417
4.317936633058444
2.2898717373310924
2.3795398449849987
3.058539217125199
4.20294800693382
2.588682031105898
3.2414114456138536
5.039383830909499
2.149612755240324
4.871418992598692
2.7934390671984226
5.437671619331192
4.471816779616361
5.636479484772156
5.584218225880472
3.2529997462500075
3.6402245370562905
4.0342766144471565
5.209723677090509
5.312088133099084
3.5733128893590402
1.4908431166398501
4.667399612361778
6.16327448311693
3.455758356618021
5.760760620744051
3.1705088792200797
5.343115582972586
6.053260947516065
3.287032950139476
3.919169801509452
3.448410262564619
2.1210727662982825
4.515009075462937
4.8875115859006835
5.385146806139745
5.109459855035694
4.074150384547476
4.031709740778249
4.844629636508429
3.5505652556677383
2.591797139936076
5.845221202215833
4.3924607036108965
1.8525889858693063
3.0126199053380196
5.8756438046992425
4.030726741932198
5.687009066044687
2.7145348519743804
6.450638968863325
6.134096445683726
3.824485017684753
4.747779531803781
4.774182476834926
4.499405720429812
4.775525335797327
3.8580559484944317
3.8743361031603003
5.457592805545173
6.323041280429206
5.6092205410729905
4.920222790781147
6.273095053517985
3.8560004277315314
5.807756046493928
7.088485029751887
2.4991016144265155
6.480747147409137
4.834819262395641
4.514192921365192
2.540328534667143
