3.90497296055158
3.651572864185008
3.5497805859691414
3.4715590929800224
3.4289068646671237
3.4019216086513313
3.3928397926249247
3.3833424303420756
3.372590564249098
3.368052237948706
3.360965539780698
3.3640148565750714
3.3599473383537557
3.3593997028908986
3.3552851540635724
3.3539880384770475
3.350353023802587
3.353217119856398
3.3536049298537796
3.352574314488921
3.3496715091457663
3.350955618444339
3.340170889630798
3.347019626188648
3.346405617488447
3.340365411006203
3.3464110690031865
3.345928562472957
3.345421618731447
3.3466347915719648
3.342715641786886
3.3401963990326076
3.3406625135924464
3.3374220578707465
3.3376613236212913
3.3367975622184516
3.336624769046325
3.3355041123175804
3.3392664998076684
3.3389581051445747
3.3360803755678874
3.3336678586264914
3.333370186792788
3.331804025311803
3.332983529151872
3.3338336156782256
3.3325698923232943
3.3339263769083245
3.331840942072314
3.3306943473889845
3.3265802453654683
3.329963887846747
3.3289138889589975
3.330430196006169
3.3268410759840825
3.3303183527417883
3.3256848368995873
3.3238123867862908
3.324457437955132
3.325492255447447
3.320941690326661
3.3202822589597036
3.323410387187041
3.322280995836554
3.322493559630342
3.3246326626733294
3.3204149532225706
3.322360179683035
3.319986054832621
3.318377368902975
3.3196350837400717
3.316688908393993
3.319155696981637
3.3167878479458563
3.3161484679972477
3.318665472805038
3.3167320686255315
3.317415099042331
3.310649520204973
3.3143286709637607
3.3145176253115483
3.3143634819245156
3.3110468704109044
3.3118245054123014
3.311509742062221
3.3096860263698784
3.310693151035974
3.3093362720899804
3.306812484366025
3.306866754395093
3.3083871073963107
3.3082621608131615
3.3066364217174145
3.306043894022934
3.308742026950038
3.3054017029529392
3.302434959383898
3.3037639422010083
3.305486808451571
3.301793478256048
3.3020327326863312
3.3029935403849726
3.302907812502957
3.3005115410616233
3.3007074767766995
3.2993185242941214
3.2988666074220525
3.2983887207138447
3.297762314016505
3.2952582117661025
3.2935763068439425
3.2973635393057683
3.294163488140402
3.297222435012344
3.292452436315921
3.2956366208634633
3.2946606844432593
3.291069979122443
3.2936905229738516
3.287823248279187
3.289843348800674
3.286157625359158
3.291189738715342
3.2880895837794903
3.289291109918624
3.2840193008729655
3.285156082968379
3.281193589979364
3.282484017601309
3.281225304732951
3.28263364512791
3.2777087732340937
3.275696519040322
3.273812956357187
3.2697837805563164
3.2709281994390857
3.267779229223266
3.2676654284776645
3.2637427631736724
3.2612550531246867
3.259124818236329
3.252296322537947
3.2568288401577825
3.24987503932428
3.248159024604531
3.2389724270779956
3.236446336489315
3.2302567198757055
3.2233133142770725
3.214479790408482
3.2101976462574893
3.2035449489142542
3.1961207295110983
3.1931444649086442
3.1867141111414563
3.175844381946002
3.163686439972515
3.158417233663012
3.1483176814955334
3.149769546911698
3.1361357985540876
3.1261857699516207
3.1185769981654117
3.12139729473942
3.1128589681876724
3.108742816272632
3.1019611238509186
3.1010559524676595
3.0911782427813654
3.0886718129464823
3.0810029548267988
3.0815007367799447
3.0701245904661887
3.0630651030891625
3.068195847577827
3.063714230014372
3.0522085333517355
3.0497552248858666
3.0515557573747265
3.0431867988072625
3.04371968905131
3.036675928406013
3.034168763909229
3.030994193729504
3.007976921491845
3.018323095962983
3.018732105576715
3.003868026557819
3.010522882605708
2.9920549628346467
2.995657074590062
2.9914754859005757
2.9816422864448193
2.9828003534050875
2.9701499862726344
2.9661559000495794
2.9648031190384265
2.945361133231673
2.9548953727696294
2.9417607326840245
2.932398711410604
2.9221314533736353
2.9237724547238315
2.9245781831501065
2.9098905230215353
2.9099074596351433
2.9050433000390843
2.890401230301968
2.893964496347331
2.8861588883076528
2.8757154786771584
2.864876614176026
2.8731740187535912
2.857761594791745
2.8563454107258672
2.843615870143092
2.8426402855751127
2.84505463997985
2.8389829930871033
2.8356414307919584
2.835048883575802
2.816489473678345
2.8215037436448327
2.8154946626849875
2.8070227067137874
2.802878482859264
2.8002567227727684
2.7914352693067963
2.792896717671276
2.777849774605544
2.7841793938662653
2.774997842750808
2.7695762575134752
2.765432184172231
2.776846375114234
2.7618521490069323
2.7635800595893416
2.7520891422218132
2.757817268718121
2.7484613123328185
2.749072424432104
2.7474372346502864
2.7264602270930314
2.730627138600793
2.7239302567733352
2.7330238440240078
2.7121468084727147
2.7202962767477183
2.7279166481060577
2.712708521027898
2.708845228996388
2.6939338628173797
2.697380015554354
2.6947608406460564
2.70301208408304
2.695350873608922
2.694606608891672
2.6809595079385034
2.677054335789163
2.6766126915928004
2.663559562822645
2.677077078657557
2.6691168506247127
2.658123953282371
2.6672784891701484
2.6617217963749122
2.6407612119765247
2.647631657100463
2.6348095491181973
2.6298228609700534
2.633501172874325
2.637992591705433
2.6266349224850187
2.626759187426678
2.60793597118337
2.62613498390645
2.6192555772934774
2.6002103552337763
2.5981033996556158
2.5942272419153256
2.6118348154217697
2.580526845861775
2.573801721135775
2.574229878048564
2.575813516281372
2.568242374547692
2.5631192370440607
2.5796995740528255
2.568395181566246
2.5531923547964688
2.5417465386233586
2.545930855727011
2.5346156910870428
2.540230115370233
2.5238329696562865
2.5348028192917504
2.5298867967239644
2.5166282736977865
2.5120989972537804
2.508242206055989
