6.580229710238848
5.7208211685335915
5.248308768568113
4.841692397760791
4.57978710717009
4.398539642030879
4.263974442731502
4.180159586344579
4.104667645323184
4.057375342808952
4.017792276633802
4.002006271781847
3.9711177922034446
3.950777846251347
3.931261597446693
3.913063528463822
3.9045360541158867
3.8944966231667717
3.88363517093104
3.8808241962462433
3.8703019508095675
3.8579788293487343
3.8486978730490042
3.850002873082494
3.8467005632182425
3.8363524100115134
3.8331911982029907
3.828057966491049
3.8263024907241494
3.8314467952695
3.8178462259067123
3.815258453982745
3.8128598563430844
3.812980371390202
3.804063388081484
3.806011972501296
3.803941316613855
3.7991273474785707
3.801913771518441
3.8011814568393913
3.795979061792063
3.7903222266093706
3.791447937488556
3.79055788119634
3.789572294599326
3.795827719130257
3.789460926092872
3.794738474280335
3.785771280527115
3.7910222378812093
3.7825112359006274
3.782505799633588
3.7838047802910326
3.7932665255642677
3.7840120002280835
3.7847983841748203
3.788652662620988
3.783903594395911
3.787671587032865
3.7896289816198423
3.789441612108733
3.7879578699899272
3.7895217480123504
3.7913487084614212
3.7841784889383834
3.7912402259286986
3.781110420014507
3.7922312111355536
3.7939899935740833
3.787284778994183
3.7928257700084718
3.790910776502402
3.7927472473577013
3.793692393820415
3.790438720191172
3.7968110370543577
3.7969827240751695
3.798628637494967
3.792466392581777
3.7957378822241643
3.7954566291598386
3.7943998124710347
3.8020456442537234
3.8015998809836633
3.799081495796987
3.802947410779406
3.807707538207372
3.8035420881685362
3.802149612312169
3.8099101271278175
3.809225265138833
3.8092775587425676
3.811241859613463
3.821104442195375
3.8156586402608443
3.815443735483081
3.816150370263314
3.816681673360425
3.8224303057027416
3.820235090200291
3.8268452164276625
3.823889759390853
3.8280593015888864
3.8290452601373657
3.8253271348716678
3.8272073395954544
3.8311555295489557
3.830115859360658
3.831743978483732
3.8332298783830896
3.827267429856367
3.8364235758781433
3.8340385322884996
3.836664468974106
3.8375316927599354
3.8410908353421114
3.84208174800688
3.8427603930927985
3.8398228061291597
3.8464959407037544
3.8422473280928857
3.846859234016995
3.8487771141898723
3.8497248742469523
3.857069052929102
3.8501516612925273
3.857203134732653
3.846525624278904
3.8524569309959116
3.8561601451663083
3.8640758737113123
3.8537785755109417
3.8606263295162555
3.867564853771712
3.8674462770306786
3.8633839155352394
3.870122633932173
3.8698775742867197
3.869752338690351
3.8765887125980023
3.873002374357031
3.8802687516508176
3.87958948880203
3.8788056597691174
3.8747463619062144
3.879269358261611
3.8835900751657264
3.8969740643519764
3.8941780816214955
3.892249702945236
3.8974815163501475
3.8969812420911567
3.895468463962392
3.909461171359055
3.915922688652379
3.9037002803281298
3.9122382534104725
3.9160928522893625
3.92218378070713
3.927632905485094
3.927043981792391
3.928552373435146
3.928299454755561
3.9316382489001103
3.9416267846443858
3.9406252020551253
3.9454822293085647
3.944642119167387
3.9439085333846338
3.9444104754185494
3.945450664028641
3.9453215991803843
3.943335671526517
3.946950609600821
3.945561509954837
3.956700556037962
3.948998218589975
3.947957851396975
3.9449338062789088
3.94959826501765
3.9501272342925846
3.9509515870911205
3.9485144619793857
3.9561256828696227
3.9524313490982204
3.9580405158127925
3.9706463836884316
3.9480253180792166
3.96138080446295
3.9613174112268195
3.9639867428661315
3.9693901492643726
3.9635378498901694
3.96894071753635
3.967000132614328
3.968973534282788
3.9749966011952984
3.9683409963929375
3.979683857786563
3.9752259917499484
3.9793656874996746
3.979398204374683
3.979501107635424
3.976276997447938
3.9718405567398367
3.985720839149268
3.973778108986773
3.979156808335652
3.9782812033974846
3.9848217518292657
3.9859917757585066
3.975771628840025
3.9861167826393777
3.9790273190930834
3.979078390570574
3.9791369618371477
3.982848824456681
3.9813819322013115
3.9785425693027734
3.9692620748235274
3.9811292078143867
3.9752481360306113
3.9738741350728413
3.971356220716654
3.972043915081394
3.9683789121088133
3.9588207556295765
3.9634504410647606
3.973577694837437
3.9541275411151178
3.9663243127423664
3.963263832090437
3.9628064412941306
3.958412303712017
3.9659793427748276
3.9546948022158572
3.9588597116544264
3.944680136303569
3.9657081397928935
3.957209298777026
3.956649442975835
3.9582365455553514
3.9476245078005534
3.9477788503317868
3.9498268139454744
3.953215907941493
3.944491660179094
3.956644666287326
3.9575638500756996
3.945079441449439
3.9430957963300304
3.9349805978379506
3.939109895118447
3.9448281859242638
3.9441380246665125
3.945411211067392
3.936748528896376
3.9302414577136666
3.936530927586001
3.9267738544663717
3.931003210618514
3.9321420317472415
3.9358816049819767
3.927047781010931
3.930671205354291
3.923288672469383
3.9197723743065382
3.9154345062814015
3.910075179597204
3.912116672872573
3.9159255020840225
3.9192095791646677
3.905290443767873
3.91239584855331
3.9046083122722863
3.918481483477955
3.912245185800301
3.902836489353993
3.9037709751332454
3.9038142372471416
3.909927327272504
3.8988153731176096
3.889476186776346
3.886997710133708
3.8877959708834804
3.888400672018066
3.8855452204859535
3.893273743317109
3.8876005729963614
3.889845671117768
3.8639869484328484
3.8810652076273926
3.8693410038023957
3.878579851730849
3.861888978601426
3.8734720189904057
3.868656326865041
3.8619049193785173
3.8526410296443823
3.842938324739767
